123547
123548
123568
123569
123574
123578
123584
123586
123587
123589
123596
123598
123654
123657
123658
123659
123684
123685
123687
123689
123695
123698
124536
124563
124568
124569
124578
124586
124587
124589
124596
124598
124753
124756
124758
124759
124785
124786
124789
124853
124856
124857
124859
124863
124865
124869
124875
124895
124896
125368
125369
125478
125486
125487
125489
125684
125687
125689
125698
125748
125784
125786
125789
125847
125863
125869
125874
125896
125963
125968
125984
125986
125987
126354
126357
126358
126359
126547
126548
126574
126578
126584
126587
126589
126598
126845
126847
126853
126854
126857
126859
126874
126875
126895
126953
126954
126957
126958
126984
126985
126987
142356
142357
142358
142359
142365
142368
142369
142536
142563
142568
142569
142578
142586
142587
142589
142596
142598
142635
142653
142657
142658
142659
142685
142687
142689
142695
142698
145236
145263
145268
145269
145326
145362
145368
145369
145623
145632
145687
145689
145698
145786
145789
145862
145863
145869
145896
145962
145963
145968
145986
145987
147523
147526
147532
147536
147562
147563
147568
147569
147586
147589
147596
147598
147852
147853
147856
147859
147862
147863
147865
147869
147895
147896
148523
148526
148532
148536
148562
148563
148569
148596
148623
148625
148632
148635
148652
148653
148657
148659
148695
148752
148753
148756
148759
148952
148953
148956
148957
148962
148963
148965
152368
152369
152478
152486
152487
152489
152684
152687
152689
152698
153247
153248
153268
153269
153624
153684
153687
153689
153698
154236
154263
154268
154269
154786
154789
154862
154863
154869
154896
156247
156248
156324
156842
156847
156874
156984
156987
157423
157426
157486
157489
157842
157862
157863
157869
157896
158423
158426
158623
158624
158632
158742
158962
158963
159623
159624
159632
159684
159687
159842
159847
159862
159863
159874
214536
214563
214568
214569
214578
214586
214587
214589
214596
214598
214753
214756
214758
214759
214785
214786
214789
214853
214856
214857
214859
214863
214865
214869
214875
214895
214896
215368
215369
215478
215486
215487
215489
215684
215687
215689
215698
215748
215784
215786
215789
215847
215863
215869
215874
215896
215963
215968
215984
215986
215987
235147
235148
235478
235486
235487
235489
235684
235687
235689
235698
235741
235748
235784
235786
235789
235841
235847
235869
235874
235896
235968
235984
235986
235987
236514
236541
236547
236548
236574
236578
236584
236587
236589
236598
236841
236845
236847
236851
236854
236857
236859
236874
236875
236895
236951
236954
236957
236958
236984
236985
236987
241536
241563
241568
241569
241578
241586
241587
241589
241596
241598
245368
245369
245687
245689
245698
245786
245789
245863
245869
245896
245963
245968
245986
245987
247536
247563
247568
247569
247586
247589
247596
247598
247851
247853
247856
247859
247863
247865
247869
247895
247896
248536
248563
248569
248596
248635
248651
248653
248657
248659
248695
248751
248753
248756
248759
248951
248953
248956
248957
248963
248965
251478
251486
251487
251489
253684
253687
253689
253698
254786
254789
254863
254869
254896
256841
256847
256874
256984
256987
257486
257489
257841
257863
257869
257896
258741
258963
259684
259687
259841
259847
259863
259874
263514
263541
263547
263548
263574
263578
263584
263587
263589
263598
265147
265148
265478
265487
265489
265741
265748
265784
265789
265841
265847
265874
265984
265987
268415
268451
268453
268457
268459
268475
268514
268541
268547
268574
268741
268745
268751
268753
268754
268759
268951
268953
268954
268957
269514
269541
269547
269548
269574
269578
269584
269587
269841
269845
269847
269851
269853
269854
269857
269874
269875
321456
321457
321458
321459
321475
321478
321485
321486
321487
321489
321547
321548
321568
321569
321574
321578
321584
321586
321587
321589
321596
321598
324156
324157
324158
324159
324568
324569
324578
324586
324587
324589
324596
324598
324751
324756
324758
324759
324785
324786
324789
324851
324856
324857
324859
324865
324869
324875
324895
324896
325147
325148
325478
325486
325487
325489
325684
325687
325689
325698
325741
325748
325784
325786
325789
325841
325847
325869
325874
325896
325968
325984
325986
325987
326514
326541
326547
326548
326574
326578
326584
326587
326589
326598
326841
326845
326847
326851
326854
326857
326859
326874
326875
326895
326951
326954
326957
326958
326984
326985
326987
351247
351248
351268
351269
351426
351478
351486
351487
351489
352147
352148
352478
352486
352487
352489
352684
352687
352689
352698
354126
354268
354269
354786
354789
354862
354869
354896
356214
356241
356247
356248
356841
356842
356847
356874
356984
356987
357412
357421
357426
357486
357489
357841
357842
357862
357869
357896
358412
358421
358426
358621
358624
358741
358742
358962
359621
359624
359684
359687
359841
359842
359847
359862
359874
362145
362147
362148
362154
362157
362158
362159
362415
362451
362457
362458
362459
362475
362478
362485
362487
362489
362514
362541
362547
362548
362574
362578
362584
362587
362589
362598
365124
365142
365147
365148
365214
365241
365247
365248
365412
365421
365478
365487
365489
365741
365742
365748
365784
365789
365841
365842
365847
365874
365984
365987
368412
368415
368421
368425
368451
368452
368457
368459
368475
368512
368514
368521
368524
368541
368542
368547
368574
368741
368742
368745
368751
368752
368754
368759
368951
368952
368954
368957
369512
369514
369521
369524
369541
369542
369547
369548
369574
369578
369584
369587
369841
369842
369845
369847
369851
369852
369854
369857
369874
369875
412356
412357
412358
412359
412365
412368
412369
412536
412563
412568
412569
412578
412586
412587
412589
412596
412598
412635
412653
412657
412658
412659
412685
412687
412689
412695
412698
415236
415263
415268
415269
415326
415362
415368
415369
415623
415632
415687
415689
415698
415786
415789
415862
415863
415869
415896
415962
415963
415968
415986
415987
421536
421563
421568
421569
421578
421586
421587
421589
421596
421598
423568
423569
423578
423586
423587
423589
423596
423598
423651
423657
423658
423659
423685
423687
423689
423695
423698
425368
425369
425687
425689
425698
425786
425789
425863
425869
425896
425963
425968
425986
425987
426351
426357
426358
426359
426578
426587
426589
426598
426851
426853
426857
426859
426875
426895
426951
426953
426957
426958
426985
426987
451236
451263
451268
451269
452368
452369
452687
452689
452698
453268
453269
453621
453687
453689
453698
456321
456987
457862
457863
457869
457896
458621
458623
458632
458962
458963
459621
459623
459632
459687
459862
459863
475123
475126
475236
475263
475268
475269
475321
475326
475362
475368
475369
475621
475623
475632
475689
475698
475862
475863
475869
475896
475962
475963
475968
475986
478512
478521
478523
478526
478532
478536
478562
478563
478569
478596
478621
478623
478625
478632
478635
478651
478652
478653
478659
478695
478951
478952
478953
478956
478962
478963
478965
485123
485126
485236
485263
485269
485321
485326
485362
485369
485621
485623
485632
485962
485963
486215
486235
486251
486253
486257
486259
486321
486325
486351
486352
486357
486359
486512
486521
486523
486532
486951
486952
486953
486957
487512
487521
487523
487526
487532
487536
487562
487563
487569
487596
489512
489521
489523
489526
489532
489536
489562
489563
489621
489623
489625
489632
489635
489651
489652
489653
489657
512368
512369
512478
512486
512487
512489
512684
512687
512689
512698
514236
514263
514268
514269
514786
514789
514862
514863
514869
514896
521478
521486
521487
521489
523684
523687
523689
523698
524786
524789
524863
524869
524896
526841
526847
526874
526984
526987
532147
532148
532478
532486
532487
532489
532684
532687
532689
532698
536214
536241
536247
536248
536841
536842
536847
536874
536984
536987
541236
541263
541268
541269
542368
542369
542687
542689
542698
547862
547863
547869
547896
548621
548623
548632
548962
548963
562147
562148
562478
562487
562489
563214
563241
563247
563248
568412
568421
568423
568741
568742
569841
569842
569847
569874
574123
574126
574236
574263
574268
574269
574862
574863
574869
574896
578412
578421
578423
578426
578621
578623
578624
578632
578962
578963
584123
584126
584236
584263
584269
586214
586241
586247
586321
586324
587412
587421
587423
587426
589621
589623
589624
589632
596214
596241
596247
596248
596321
596324
596841
596842
596847
596874
598412
598421
598423
598426
598621
598623
598624
598632
598741
598742
621453
621457
621458
621459
621475
621478
621485
621487
621489
621547
621548
621574
621578
621584
621587
621589
621598
623514
623541
623547
623548
623574
623578
623584
623587
623589
623598
624153
624157
624158
624159
624578
624587
624589
624598
624751
624753
624758
624759
624785
624789
624851
624853
624857
624859
624875
624895
625147
625148
625478
625487
625489
625741
625748
625784
625789
625841
625847
625874
625984
625987
632145
632147
632148
632154
632157
632158
632159
632415
632451
632457
632458
632459
632475
632478
632485
632487
632489
632514
632541
632547
632548
632574
632578
632584
632587
632589
632598
635124
635142
635147
635148
635214
635241
635247
635248
635412
635421
635478
635487
635489
635741
635742
635748
635784
635789
635841
635842
635847
635874
635984
635987
651247
651248
651423
651478
651487
651489
652147
652148
652478
652487
652489
653214
653241
653247
653248
654123
654789
657412
657421
657423
657489
657841
657842
658412
658421
658423
658741
658742
659841
659842
659847
659874
684123
684125
684152
684153
684157
684159
684215
684235
684251
684253
684257
684259
684512
684521
684523
684532
684751
684752
684753
684759
685123
685124
685142
685147
685214
685241
685247
685321
685324
685412
685421
685423
685741
685742
687412
687415
687421
687423
687425
687451
687452
687453
687459
687512
687514
687521
687523
687524
687532
687541
687542
689512
689514
689521
689523
689524
689532
689541
689542
689547
689574
695123
695124
695142
695147
695148
695214
695241
695247
695248
695321
695324
695412
695421
695423
695478
695487
695741
695742
695748
695784
695841
695842
695847
695874
698412
698415
698421
698423
698425
698451
698452
698453
698457
698475
698512
698514
698521
698523
698524
698532
698541
698542
698547
698574
698741
698742
698745
698751
698752
698753
698754
741235
741236
741253
741256
741258
741259
741263
741265
741268
741269
741523
741526
741532
741536
741562
741563
741568
741569
741586
741589
741596
741598
742153
742156
742158
742159
742351
742356
742358
742359
742365
742368
742369
742536
742563
742568
742569
742586
742589
742596
742598
742635
742651
742653
742658
742659
742685
742689
742695
742698
745123
745126
745236
745263
745268
745269
745321
745326
745362
745368
745369
745621
745623
745632
745689
745698
745862
745863
745869
745896
745962
745963
745968
745986
748512
748521
748523
748526
748532
748536
748562
748563
748569
748596
748621
748623
748625
748632
748635
748651
748652
748653
748659
748695
748951
748952
748953
748956
748962
748963
748965
751236
751248
751263
751268
751269
751423
751426
751486
751489
752148
752368
752369
752486
752489
752684
752689
752698
753214
753241
753248
753268
753269
753621
753624
753684
753689
753698
754123
754126
754236
754263
754268
754269
754862
754863
754869
754896
756214
756241
756248
756321
756324
756841
756842
756984
758412
758421
758423
758426
758621
758623
758624
758632
758962
758963
759621
759623
759624
759632
759684
759841
759842
759862
759863
784123
784125
784126
784152
784153
784156
784159
784215
784235
784236
784251
784253
784256
784259
784263
784265
784269
784512
784521
784523
784526
784532
784536
784562
784563
784569
784596
785123
785124
785126
785142
785214
785236
785241
785263
785269
785321
785324
785326
785362
785369
785412
785421
785423
785426
785621
785623
785624
785632
785962
785963
786214
786215
786235
786241
786245
786251
786253
786254
786259
786321
786324
786325
786351
786352
786354
786359
786512
786514
786521
786523
786524
786532
786541
786542
786951
786952
786953
786954
789512
789514
789521
789523
789524
789526
789532
789536
789541
789542
789562
789563
789621
789623
789624
789625
789632
789635
789651
789652
789653
789654
841235
841236
841253
841256
841257
841259
841263
841265
841269
841523
841526
841532
841536
841562
841563
841569
841596
842153
842156
842157
842159
842351
842356
842357
842359
842365
842369
842536
842563
842569
842596
842635
842651
842653
842657
842659
842695
845123
845126
845236
845263
845269
845321
845326
845362
845369
845621
845623
845632
845962
845963
847512
847521
847523
847526
847532
847536
847562
847563
847569
847596
851236
851247
851263
851269
851423
851426
852147
852369
853214
853241
853247
853269
853621
853624
854123
854126
854236
854263
854269
856214
856241
856247
856321
856324
857412
857421
857423
857426
859621
859623
859624
859632
862145
862147
862153
862154
862157
862159
862351
862354
862357
862359
862415
862451
862453
862457
862459
862475
862514
862541
862547
862574
863214
863215
863241
863245
863247
863251
863254
863257
863259
863512
863514
863521
863524
863541
863542
863547
863574
865123
865124
865142
865147
865214
865241
865247
865321
865324
865412
865421
865423
865741
865742
869512
869514
869521
869523
869524
869532
869541
869542
869547
869574
874123
874125
874126
874152
874153
874156
874159
874215
874235
874236
874251
874253
874256
874259
874263
874265
874269
874512
874521
874523
874526
874532
874536
874562
874563
874569
874596
875123
875124
875126
875142
875214
875236
875241
875263
875269
875321
875324
875326
875362
875369
875412
875421
875423
875426
875621
875623
875624
875632
875962
875963
895123
895124
895126
895142
895147
895214
895236
895241
895247
895263
895321
895324
895326
895362
895412
895421
895423
895426
895621
895623
895624
895632
895741
895742
896214
896215
896235
896241
896245
896247
896251
896253
896254
896257
896321
896324
896325
896351
896352
896354
896357
896512
896514
896521
896523
896524
896532
896541
896542
896547
896574
951236
951247
951248
951263
951268
951423
951426
951478
951486
951487
952147
952148
952368
952478
952486
952487
952684
952687
953214
953241
953247
953248
953268
953621
953624
953684
953687
954123
954126
954236
954263
954268
954786
954862
954863
956214
956241
956247
956248
956321
956324
956841
956842
956847
956874
957412
957421
957423
957426
957486
957841
957842
957862
957863
958412
958421
958423
958426
958621
958623
958624
958632
958741
958742
962145
962147
962148
962153
962154
962157
962158
962351
962354
962357
962358
962415
962451
962453
962457
962458
962475
962478
962485
962487
962514
962541
962547
962548
962574
962578
962584
962587
963214
963215
963241
963245
963247
963248
963251
963254
963257
963258
963512
963514
963521
963524
963541
963542
963547
963548
963574
963578
963584
963587
965123
965124
965142
965147
965148
965214
965241
965247
965248
965321
965324
965412
965421
965423
965478
965487
965741
965742
965748
965784
965841
965842
965847
965874
968412
968415
968421
968423
968425
968451
968452
968453
968457
968475
968512
968514
968521
968523
968524
968532
968541
968542
968547
968574
968741
968742
968745
968751
968752
968753
968754
984123
984125
984126
984152
984153
984156
984157
984215
984235
984236
984251
984253
984256
984257
984263
984265
984512
984521
984523
984526
984532
984536
984562
984563
984751
984752
984753
984756
985123
985124
985126
985142
985147
985214
985236
985241
985247
985263
985321
985324
985326
985362
985412
985421
985423
985426
985621
985623
985624
985632
985741
985742
986214
986215
986235
986241
986245
986247
986251
986253
986254
986257
986321
986324
986325
986351
986352
986354
986357
986512
986514
986521
986523
986524
986532
986541
986542
986547
986574
987412
987415
987421
987423
987425
987426
987451
987452
987453
987456
987512
987514
987521
987523
987524
987526
987532
987536
987541
987542
987562
987563
