1234
12345
12347
12348
12349
1235
12354
12356
12357
12358
12359
1236
12365
12367
12368
12369
1238
12384
12385
12386
12387
12389
1243
12435
12436
12438
1245
12453
12456
12457
12458
12459
1247
12475
12476
12478
1248
12483
12485
12486
12487
12489
1249
12495
12496
12498
1253
12534
12536
12537
12538
1254
12543
12546
12547
12548
12549
1256
12563
12564
12567
12568
12569
1257
12573
12574
12576
12578
1258
12583
12584
12586
12587
12589
1259
12594
12596
12598
1263
12634
12635
12638
12639
1265
12653
12654
12657
12658
12659
1267
12674
12675
12678
1268
12683
12684
12685
12687
12689
1269
12693
12694
12695
12698
1274
12743
12745
12748
12749
1275
12753
12754
12756
12758
12759
1276
12763
12765
12768
12769
1278
12783
12784
12785
12786
12789
1294
12943
12945
12947
12948
1295
12953
12954
12956
12957
12958
1296
12963
12965
12967
12968
1298
12983
12984
12985
12986
12987
1423
14235
14236
14238
1425
14253
14256
14257
14258
14259
1426
14263
14265
14267
14268
14269
1427
14275
14276
14278
1429
14295
14296
14298
1432
14325
14326
14327
14329
1435
14352
14356
14357
14358
14359
1436
14362
14365
14367
14368
14369
1438
14385
14386
14387
14389
1452
14523
14526
14527
14528
14529
1453
14532
14536
14537
14538
1456
14562
14563
14567
14568
14569
1457
14572
14573
14576
14578
1458
14582
14583
14586
14587
14589
1459
14592
14596
14598
1472
14723
14725
14726
14729
1475
14752
14753
14756
14758
14759
1476
14762
14763
14765
14768
14769
1478
14783
14785
14786
14789
1483
14832
14835
14836
1485
14852
14853
14856
14857
14859
1486
14862
14863
14865
14867
14869
1487
14872
14875
14876
14879
1489
14892
14895
14896
14897
1492
14923
14925
14926
14927
1495
14952
14953
14956
14957
14958
1496
14962
14963
14965
14967
14968
1498
14983
14985
14986
14987
1523
15234
15236
15237
15238
1524
15243
15246
15247
15248
15249
1526
15263
15264
15267
15268
15269
1527
15273
15274
15276
15278
1528
15283
15284
15286
15287
15289
1529
15294
15296
15298
1532
15324
15326
15327
15328
15329
1534
15342
15346
15347
15348
15349
1536
15362
15364
15367
15368
15369
1537
15372
15374
15376
15378
1538
15382
15384
15386
15387
15389
1542
15423
15426
15427
15428
15429
1543
15432
15436
15437
15438
1546
15462
15463
15467
15468
15469
1547
15472
15473
15476
15478
1548
15482
15483
15486
15487
15489
1549
15492
15496
15498
1562
15623
15624
15627
15628
15629
1563
15632
15634
15637
15638
15639
1564
15642
15643
15647
15648
15649
1567
15672
15673
15674
15678
1568
15682
15683
15684
15687
15689
1569
15692
15693
15694
15698
1572
15723
15724
15726
15728
15729
1573
15732
15734
15736
15738
1574
15742
15743
15746
15748
15749
1576
15762
15763
15764
15768
15769
1578
15782
15783
15784
15786
15789
1582
15823
15824
15826
15827
15829
1583
15832
15834
15836
15837
1584
15842
15843
15846
15847
15849
1586
15862
15863
15864
15867
15869
1587
15872
15873
15874
15876
15879
1589
15892
15894
15896
15897
1592
15923
15924
15926
15927
15928
1594
15942
15943
15946
15947
15948
1596
15962
15963
15964
15967
15968
1598
15982
15983
15984
15986
15987
1623
16234
16235
16238
16239
1624
16243
16245
16247
16248
16249
1625
16253
16254
16257
16258
16259
1627
16274
16275
16278
1629
16293
16294
16295
16298
1632
16324
16325
16327
16329
1634
16342
16345
16347
16348
16349
1635
16352
16354
16357
16358
16359
1638
16384
16385
16387
16389
1639
16392
16394
16395
16398
1652
16523
16524
16527
16528
16529
1653
16532
16534
16537
16538
16539
1654
16542
16543
16547
16548
16549
1657
16572
16573
16574
16578
1658
16582
16583
16584
16587
16589
1659
16592
16593
16594
16598
1672
16723
16724
16725
16729
1674
16742
16743
16745
16748
16749
1675
16752
16753
16754
16758
16759
1678
16783
16784
16785
16789
1683
16832
16834
16835
16839
1684
16842
16843
16845
16847
16849
1685
16852
16853
16854
16857
16859
1687
16872
16874
16875
16879
1689
16892
16893
16894
16895
16897
1692
16923
16924
16925
16927
1693
16932
16934
16935
16938
1694
16942
16943
16945
16947
16948
1695
16952
16953
16954
16957
16958
1698
16983
16984
16985
16987
1832
18324
18325
18326
18327
18329
1834
18342
18345
18347
18349
1835
18352
18354
18356
18357
18359
1836
18362
18365
18367
18369
1842
18423
18425
18426
18427
18429
1843
18432
18435
18436
1845
18452
18453
18456
18457
18459
1847
18472
18475
18476
18479
1849
18492
18495
18496
18497
1852
18523
18524
18526
18527
18529
1853
18532
18534
18536
18537
1854
18542
18543
18546
18547
18549
1856
18562
18563
18564
18567
18569
1857
18572
18573
18574
18576
18579
1859
18592
18594
18596
18597
1862
18623
18624
18625
18627
18629
1863
18632
18634
18635
18639
1865
18652
18653
18654
18657
18659
1867
18672
18674
18675
18679
1869
18692
18693
18694
18695
18697
1872
18723
18724
18725
18726
18729
1874
18742
18743
18745
18749
1875
18752
18753
18754
18756
18759
1876
18762
18763
18765
18769
1879
18792
18794
18795
18796
1892
18923
18924
18925
18926
18927
1894
18942
18943
18945
18947
1895
18952
18953
18954
18956
18957
1896
18962
18963
18965
18967
1897
18972
18974
18975
18976
2134
21345
21347
21348
21349
2135
21354
21356
21357
21358
21359
2136
21365
21367
21368
21369
2138
21384
21385
21386
21387
21389
2143
21435
21436
21438
2145
21453
21456
21457
21458
21459
2147
21475
21476
21478
2148
21483
21485
21486
21487
21489
2149
21495
21496
21498
2153
21534
21536
21537
21538
2154
21543
21546
21547
21548
21549
2156
21563
21564
21567
21568
21569
2157
21573
21574
21576
21578
2158
21583
21584
21586
21587
21589
2159
21594
21596
21598
2163
21634
21635
21638
21639
2165
21653
21654
21657
21658
21659
2167
21674
21675
21678
2168
21683
21684
21685
21687
21689
2169
21693
21694
21695
21698
2183
21834
21835
21836
2184
21843
21845
21847
21849
2185
21853
21854
21856
21857
21859
2186
21863
21865
21867
21869
2187
21874
21875
21876
21879
2189
21894
21895
21896
21897
2314
23145
23147
23148
23149
2315
23154
23156
23157
23158
23159
2316
23165
23167
23168
23169
2318
23184
23185
23186
23187
23189
2341
23415
23416
23417
23418
2345
23451
23456
23457
23458
23459
2347
23471
23475
23476
23478
2348
23481
23485
23486
23487
23489
2349
23495
23496
23498
2351
23514
23516
23518
23519
2354
23541
23546
23547
23548
23549
2356
23561
23564
23567
23568
23569
2357
23574
23576
23578
2358
23581
23584
23586
23587
23589
2359
23591
23594
23596
23598
2361
23614
23615
23618
2365
23651
23654
23657
23658
23659
2367
23674
23675
23678
2368
23681
23684
23685
23687
23689
2369
23694
23695
23698
2381
23814
23815
23816
2384
23841
23845
23847
23849
2385
23851
23854
23856
23857
23859
2386
23861
23865
23867
23869
2387
23874
23875
23876
23879
2389
23894
23895
23896
23897
2413
24135
24136
24138
2415
24153
24156
24157
24158
24159
2416
24163
24165
24167
24168
24169
2417
24175
24176
24178
2418
24183
24185
24186
24187
24189
2431
24315
24316
24317
24318
2435
24351
24356
24357
24358
24359
2436
24361
24365
24367
24368
24369
2438
24381
24385
24386
24387
24389
2451
24513
24516
24517
24518
24519
2453
24531
24536
24537
24538
2456
24561
24563
24567
24568
24569
2457
24571
24573
24576
24578
2458
24581
24583
24586
24587
24589
2459
24591
24596
24598
2471
24713
24715
24716
24718
2475
24751
24753
24756
24758
24759
2476
24761
24763
24765
24768
24769
2478
24781
24783
24785
24786
24789
2481
24813
24815
24816
24817
2483
24831
24835
24836
2485
24851
24853
24856
24857
24859
2486
24861
24863
24865
24867
24869
2487
24871
24875
24876
24879
2489
24895
24896
24897
2495
24951
24953
24956
24957
24958
2496
24961
24963
24965
24967
24968
2498
24981
24983
24985
24986
24987
2513
25134
25136
25137
25138
2514
25143
25146
25147
25148
25149
2516
25163
25164
25167
25168
25169
2518
25183
25184
25186
25187
25189
2519
25194
25196
25198
2531
25314
25316
25318
25319
2534
25341
25346
25347
25348
25349
2536
25361
25364
25367
25368
25369
2537
25374
25376
25378
2538
25381
25384
25386
25387
25389
2541
25413
25416
25417
25418
25419
2543
25431
25436
25437
25438
2546
25461
25463
25467
25468
25469
2547
25471
25473
25476
25478
2548
25481
25483
25486
25487
25489
2549
25491
25496
25498
2561
25613
25614
25618
25619
2563
25631
25634
25637
25638
25639
2564
25641
25643
25647
25648
25649
2567
25673
25674
25678
2568
25681
25683
25684
25687
25689
2569
25691
25693
25694
25698
2573
25731
25734
25736
25738
2574
25741
25743
25746
25748
25749
2576
25761
25763
25764
25768
25769
2578
25781
25783
25784
25786
25789
2581
25813
25814
25816
25819
2583
25831
25834
25836
25837
2584
25841
25843
25846
25847
25849
2586
25861
25863
25864
25867
25869
2587
25873
25874
25876
25879
2589
25891
25894
25896
25897
2591
25913
25914
25916
25918
2594
25941
25943
25946
25947
25948
2596
25961
25963
25964
25967
25968
2598
25981
25983
25984
25986
25987
2613
26134
26135
26138
26139
2614
26143
26145
26147
26148
26149
2615
26153
26154
26157
26158
26159
2618
26183
26184
26185
26187
26189
2631
26314
26315
26318
2634
26341
26345
26347
26348
26349
2635
26351
26354
26357
26358
26359
2638
26381
26384
26385
26387
26389
2639
26394
26395
26398
2651
26513
26514
26518
26519
2653
26531
26534
26537
26538
26539
2654
26541
26543
26547
26548
26549
2657
26573
26574
26578
2658
26581
26583
26584
26587
26589
2659
26591
26593
26594
26598
2674
26741
26743
26745
26748
26749
2675
26751
26753
26754
26758
26759
2678
26781
26783
26784
26785
26789
2681
26813
26814
26815
2683
26831
26834
26835
26839
2684
26841
26843
26845
26847
26849
2685
26851
26853
26854
26857
26859
2687
26874
26875
26879
2689
26893
26894
26895
26897
2693
26931
26934
26935
26938
2694
26941
26943
26945
26947
26948
2695
26951
26953
26954
26957
26958
2698
26981
26983
26984
26985
26987
2741
27413
27415
27416
27418
2743
27431
27435
27436
27438
2745
27451
27453
27456
27458
27459
2748
27481
27483
27485
27486
27489
2749
27495
27496
27498
2751
27513
27514
27516
27518
27519
2753
27531
27534
27536
27538
2754
27541
27543
27546
27548
27549
2756
27561
27563
27564
27568
27569
2758
27581
27583
27584
27586
27589
2759
27591
27594
27596
27598
2761
27613
27614
27615
27618
2763
27631
27634
27635
27638
27639
2765
27651
27653
27654
27658
27659
2768
27681
27683
27684
27685
27689
2769
27693
27694
27695
27698
2781
27813
27814
27815
27816
2783
27831
27834
27835
27836
2784
27841
27843
27845
27849
2785
27851
27853
27854
27856
27859
2786
27861
27863
27865
27869
2789
27894
27895
27896
2941
29413
29415
29416
29417
29418
2943
29431
29435
29436
29438
2945
29451
29453
29456
29457
29458
2947
29471
29475
29476
29478
2948
29481
29483
29485
29486
29487
2951
29513
29514
29516
29518
2953
29531
29534
29536
29537
29538
2954
29541
29543
29546
29547
29548
2956
29561
29563
29564
29567
29568
2957
29573
29574
29576
29578
2958
29581
29583
29584
29586
29587
2961
29613
29614
29615
29618
2963
29631
29634
29635
29638
2965
29651
29653
29654
29657
29658
2967
29674
29675
29678
2968
29681
29683
29684
29685
29687
2981
29813
29814
29815
29816
2983
29831
29834
29835
29836
2984
29841
29843
29845
29847
2985
29851
29853
29854
29856
29857
2986
29861
29863
29865
29867
2987
29874
29875
29876
3214
32145
32147
32148
32149
3215
32154
32156
32157
32158
32159
3216
32165
32167
32168
32169
3218
32184
32185
32186
32187
32189
3241
32415
32416
32417
32418
3245
32451
32456
32457
32458
32459
3247
32471
32475
32476
32478
3248
32481
32485
32486
32487
32489
3249
32495
32496
32498
3251
32514
32516
32518
32519
3254
32541
32546
32547
32548
32549
3256
32561
32564
32567
32568
32569
3257
32574
32576
32578
3258
32581
32584
32586
32587
32589
3259
32591
32594
32596
32598
3261
32614
32615
32618
3265
32651
32654
32657
32658
32659
3267
32674
32675
32678
3268
32681
32684
32685
32687
32689
3269
32694
32695
32698
3274
32741
32745
32748
32749
3275
32751
32754
32756
32758
32759
3276
32761
32765
32768
32769
3278
32781
32784
32785
32786
32789
3294
32941
32945
32947
32948
3295
32951
32954
32956
32957
32958
3296
32961
32965
32967
32968
3298
32981
32984
32985
32986
32987
3412
34125
34126
34127
34129
3415
34152
34156
34157
34158
34159
3416
34162
34165
34167
34168
34169
3417
34172
34175
34176
34178
3418
34185
34186
34187
34189
3421
34215
34216
34217
34218
3425
34251
34256
34257
34258
34259
3426
34261
34265
34267
34268
34269
3427
34271
34275
34276
34278
3429
34295
34296
34298
3451
34512
34516
34517
34518
34519
3452
34521
34526
34527
34528
34529
3456
34561
34562
34567
34568
34569
3457
34571
34572
34576
34578
3458
34581
34582
34586
34587
34589
3459
34591
34592
34596
34598
3471
34712
34715
34716
34718
3472
34721
34725
34726
34729
3475
34751
34752
34756
34758
34759
3476
34761
34762
34765
34768
34769
3478
34781
34785
34786
34789
3481
34812
34815
34816
34817
3485
34851
34852
34856
34857
34859
3486
34861
34862
34865
34867
34869
3487
34871
34872
34875
34876
34879
3489
34892
34895
34896
34897
3492
34921
34925
34926
34927
3495
34951
34952
34956
34957
34958
3496
34961
34962
34965
34967
34968
3498
34981
34985
34986
34987
3512
35124
35126
35127
35128
35129
3514
35142
35146
35147
35148
35149
3516
35162
35164
35167
35168
35169
3518
35182
35184
35186
35187
35189
3519
35192
35194
35196
35198
3521
35214
35216
35218
35219
3524
35241
35246
35247
35248
35249
3526
35261
35264
35267
35268
35269
3527
35274
35276
35278
3528
35281
35284
35286
35287
35289
3529
35291
35294
35296
35298
3541
35412
35416
35417
35418
35419
3542
35421
35426
35427
35428
35429
3546
35461
35462
35467
35468
35469
3547
35471
35472
35476
35478
3548
35481
35482
35486
35487
35489
3549
35491
35492
35496
35498
3561
35612
35614
35618
35619
3562
35621
35624
35627
35628
35629
3564
35641
35642
35647
35648
35649
3567
35672
35674
35678
3568
35681
35682
35684
35687
35689
3569
35691
35692
35694
35698
3572
35721
35724
35726
35728
35729
3574
35741
35742
35746
35748
35749
3576
35761
35762
35764
35768
35769
3578
35781
35782
35784
35786
35789
3581
35812
35814
35816
35819
3582
35821
35824
35826
35827
35829
3584
35841
35842
35846
35847
35849
3586
35861
35862
35864
35867
35869
3587
35872
35874
35876
35879
3589
35891
35892
35894
35896
35897
3591
35912
35914
35916
35918
3592
35921
35924
35926
35927
35928
3594
35941
35942
35946
35947
35948
3596
35961
35962
35964
35967
35968
3598
35981
35982
35984
35986
35987
3612
36124
36125
36127
36129
3614
36142
36145
36147
36148
36149
3615
36152
36154
36157
36158
36159
3618
36184
36185
36187
36189
3621
36214
36215
36218
3624
36241
36245
36247
36248
36249
3625
36251
36254
36257
36258
36259
3627
36274
36275
36278
3629
36294
36295
36298
3651
36512
36514
36518
36519
3652
36521
36524
36527
36528
36529
3654
36541
36542
36547
36548
36549
3657
36572
36574
36578
3658
36581
36582
36584
36587
36589
3659
36591
36592
36594
36598
3672
36721
36724
36725
36729
3674
36741
36742
36745
36748
36749
3675
36751
36752
36754
36758
36759
3678
36781
36784
36785
36789
3681
36812
36814
36815
3684
36841
36842
36845
36847
36849
3685
36851
36852
36854
36857
36859
3687
36872
36874
36875
36879
3689
36892
36894
36895
36897
3692
36921
36924
36925
36927
3694
36941
36942
36945
36947
36948
3695
36951
36952
36954
36957
36958
3698
36981
36984
36985
36987
3812
38124
38125
38126
38127
38129
3814
38142
38145
38147
38149
3815
38152
38154
38156
38157
38159
3816
38162
38165
38167
38169
3841
38412
38415
38416
38417
3842
38421
38425
38426
38427
38429
3845
38451
38452
38456
38457
38459
3847
38471
38472
38475
38476
38479
3849
38492
38495
38496
38497
3851
38512
38514
38516
38519
3852
38521
38524
38526
38527
38529
3854
38541
38542
38546
38547
38549
3856
38561
38562
38564
38567
38569
3857
38572
38574
38576
38579
3859
38591
38592
38594
38596
38597
3861
38612
38614
38615
3862
38621
38624
38625
38627
38629
3865
38651
38652
38654
38657
38659
3867
38672
38674
38675
38679
3869
38692
38694
38695
38697
3872
38721
38724
38725
38726
38729
3874
38741
38742
38745
38749
3875
38751
38752
38754
38756
38759
3876
38761
38762
38765
38769
3879
38792
38794
38795
38796
3892
38921
38924
38925
38926
38927
3894
38941
38942
38945
38947
3895
38951
38952
38954
38956
38957
3896
38961
38962
38965
38967
3897
38972
38974
38975
38976
4123
41235
41236
41238
4125
41253
41256
41257
41258
41259
4126
41263
41265
41267
41268
41269
4127
41275
41276
41278
4129
41295
41296
41298
4152
41523
41526
41527
41528
41529
4153
41532
41536
41537
41538
4156
41562
41563
41567
41568
41569
4157
41572
41573
41576
41578
4158
41582
41583
41586
41587
41589
4159
41592
41596
41598
4162
41623
41625
41627
41629
4163
41632
41635
41638
41639
4165
41652
41653
41657
41658
41659
4167
41672
41675
41678
4168
41683
41685
41687
41689
4169
41692
41693
41695
41698
4172
41723
41725
41726
41729
4175
41752
41753
41756
41758
41759
4176
41762
41763
41765
41768
41769
4178
41783
41785
41786
41789
4183
41832
41835
41836
4185
41852
41853
41856
41857
41859
4186
41862
41863
41865
41867
41869
4187
41872
41875
41876
41879
4189
41892
41895
41896
41897
4213
42135
42136
42138
4215
42153
42156
42157
42158
42159
4216
42163
42165
42167
42168
42169
4217
42175
42176
42178
4218
42183
42185
42186
42187
42189
4231
42315
42316
42317
42318
4235
42351
42356
42357
42358
42359
4236
42361
42365
42367
42368
42369
4238
42381
42385
42386
42387
42389
4251
42513
42516
42517
42518
42519
4253
42531
42536
42537
42538
4256
42561
42563
42567
42568
42569
4257
42571
42573
42576
42578
4258
42581
42583
42586
42587
42589
4259
42591
42596
42598
4261
42613
42615
42617
42618
4263
42631
42635
42638
42639
4265
42651
42653
42657
42658
42659
4267
42671
42675
42678
4268
42681
42683
42685
42687
42689
4269
42693
42695
42698
4271
42713
42715
42716
42718
4275
42751
42753
42756
42758
42759
4276
42761
42763
42765
42768
42769
4278
42781
42783
42785
42786
42789
4295
42951
42953
42956
42957
42958
4296
42961
42963
42965
42967
42968
4298
42981
42983
42985
42986
42987
4321
43215
43216
43217
43218
4325
43251
43256
43257
43258
43259
4326
43261
43265
43267
43268
43269
4327
43271
43275
43276
43278
4329
43295
43296
43298
4351
43512
43516
43517
43518
43519
4352
43521
43526
43527
43528
43529
4356
43561
43562
43567
43568
43569
4357
43571
43572
43576
43578
4358
43581
43582
43586
43587
43589
4359
43591
43592
43596
43598
4361
43612
43615
43617
43618
4362
43621
43625
43627
43629
4365
43651
43652
43657
43658
43659
4367
43671
43672
43675
43678
4368
43681
43685
43687
43689
4369
43692
43695
43698
4381
43812
43815
43816
43817
4385
43851
43852
43856
43857
43859
4386
43861
43862
43865
43867
43869
4387
43871
43872
43875
43876
43879
4389
43892
43895
43896
43897
4512
45123
45126
45127
45128
45129
4516
45162
45163
45167
45168
45169
4517
45172
45173
45176
45178
4518
45182
45183
45186
45187
45189
4519
45192
45196
45198
4521
45213
45216
45217
45218
45219
4523
45231
45236
45237
45238
4526
45261
45263
45267
45268
45269
4527
45271
45273
45276
45278
4528
45281
45283
45286
45287
45289
4529
45291
45296
45298
4532
45321
45326
45327
45328
45329
4536
45361
45362
45367
45368
45369
4537
45371
45372
45376
45378
4538
45381
45382
45386
45387
45389
4561
45612
45617
45618
45619
4562
45621
45623
45627
45628
45629
4563
45632
45637
45638
45639
4567
45671
45672
45673
45678
4568
45681
45682
45683
45687
45689
4569
45691
45692
45693
45698
4571
45712
45716
45718
45719
4572
45721
45723
45726
45728
45729
4573
45732
45736
45738
4576
45761
45762
45763
45768
45769
4578
45781
45782
45783
45786
45789
4581
45812
45816
45817
45819
4582
45821
45823
45826
45827
45829
4583
45832
45836
45837
4586
45861
45862
45863
45867
45869
4587
45871
45872
45873
45876
45879
4589
45891
45892
45896
45897
4591
45912
45916
45917
45918
4592
45921
45923
45926
45927
45928
4596
45961
45962
45963
45967
45968
4598
45981
45982
45983
45986
45987
4712
47123
47125
47126
47129
4715
47152
47153
47156
47158
47159
4716
47162
47163
47165
47168
47169
4718
47183
47185
47186
47189
4721
47213
47215
47216
47218
4723
47231
47235
47236
47238
4725
47251
47253
47256
47258
47259
4726
47261
47263
47265
47268
47269
4729
47295
47296
47298
4751
47512
47516
47518
47519
4752
47521
47523
47526
47528
47529
4753
47532
47536
47538
4756
47561
47562
47563
47568
47569
4758
47581
47582
47583
47586
47589
4759
47591
47592
47596
47598
4761
47612
47615
47618
4762
47621
47623
47625
47629
4763
47632
47635
47638
47639
4765
47651
47652
47653
47658
47659
4768
47681
47683
47685
47689
4769
47692
47693
47695
47698
4781
47812
47815
47816
4783
47832
47835
47836
4785
47851
47852
47853
47856
47859
4786
47861
47862
47863
47865
47869
4789
47892
47895
47896
4812
48123
48125
48126
48127
48129
4815
48152
48153
48156
48157
48159
4816
48162
48163
48165
48167
48169
4817
48172
48175
48176
48179
4832
48321
48325
48326
48327
48329
4835
48351
48352
48356
48357
48359
4836
48361
48362
48365
48367
48369
4851
48512
48516
48517
48519
4852
48521
48523
48526
48527
48529
4853
48532
48536
48537
4856
48561
48562
48563
48567
48569
4857
48571
48572
48573
48576
48579
4859
48591
48592
48596
48597
4861
48612
48615
48617
4862
48621
48623
48625
48627
48629
4863
48632
48635
48639
4865
48651
48652
48653
48657
48659
4867
48671
48672
48675
48679
4869
48692
48693
48695
48697
4871
48712
48715
48716
4872
48721
48723
48725
48726
48729
4875
48751
48752
48753
48756
48759
4876
48761
48762
48763
48765
48769
4879
48792
48795
48796
4892
48921
48923
48925
48926
48927
4895
48951
48952
48953
48956
48957
4896
48961
48962
48963
48965
48967
4897
48971
48972
48975
48976
4921
49213
49215
49216
49217
49218
4923
49231
49235
49236
49238
4925
49251
49253
49256
49257
49258
4926
49261
49263
49265
49267
49268
4927
49271
49275
49276
49278
4951
49512
49516
49517
49518
4952
49521
49523
49526
49527
49528
4953
49532
49536
49537
49538
4956
49561
49562
49563
49567
49568
4957
49571
49572
49573
49576
49578
4958
49581
49582
49583
49586
49587
4961
49612
49615
49617
49618
4962
49621
49623
49625
49627
4963
49632
49635
49638
4965
49651
49652
49653
49657
49658
4967
49671
49672
49675
49678
4968
49681
49683
49685
49687
4981
49812
49815
49816
49817
4983
49832
49835
49836
4985
49851
49852
49853
49856
49857
4986
49861
49862
49863
49865
49867
4987
49871
49872
49875
49876
5123
51234
51236
51237
51238
5124
51243
51246
51247
51248
51249
5126
51263
51264
51267
51268
51269
5127
51273
51274
51276
51278
5128
51283
51284
51286
51287
51289
5129
51294
51296
51298
5142
51423
51426
51427
51428
51429
5143
51432
51436
51437
51438
5146
51462
51463
51467
51468
51469
5147
51472
51473
51476
51478
5148
51482
51483
51486
51487
51489
5149
51492
51496
51498
5162
51623
51624
51627
51628
51629
5163
51632
51634
51637
51638
51639
5164
51642
51643
51647
51648
51649
5167
51672
51673
51674
51678
5168
51682
51683
51684
51687
51689
5169
51692
51693
51694
51698
5182
51823
51824
51826
51827
51829
5183
51832
51834
51836
51837
5184
51842
51843
51846
51847
51849
5186
51862
51863
51864
51867
51869
5187
51872
51873
51874
51876
51879
5189
51892
51894
51896
51897
5192
51923
51924
51926
51927
51928
5194
51942
51943
51946
51947
51948
5196
51962
51963
51964
51967
51968
5198
51982
51983
51984
51986
51987
5213
52134
52136
52137
52138
5214
52143
52146
52147
52148
52149
5216
52163
52164
52167
52168
52169
5218
52183
52184
52186
52187
52189
5219
52194
52196
52198
5231
52314
52316
52318
52319
5234
52341
52346
52347
52348
52349
5236
52361
52364
52367
52368
52369
5237
52374
52376
52378
5238
52381
52384
52386
52387
52389
5241
52413
52416
52417
52418
52419
5243
52431
52436
52437
52438
5246
52461
52463
52467
52468
52469
5247
52471
52473
52476
52478
5248
52481
52483
52486
52487
52489
5249
52491
52496
52498
5261
52613
52614
52618
52619
5263
52631
52634
52637
52638
52639
5264
52641
52643
52647
52648
52649
5267
52673
52674
52678
5268
52681
52683
52684
52687
52689
5269
52691
52693
52694
52698
5273
52731
52734
52736
52738
5274
52741
52743
52746
52748
52749
5276
52761
52763
52764
52768
52769
5278
52781
52783
52784
52786
52789
5281
52813
52814
52816
52819
5283
52831
52834
52836
52837
5284
52841
52843
52846
52847
52849
5286
52861
52863
52864
52867
52869
5287
52873
52874
52876
52879
5289
52891
52894
52896
52897
5291
52913
52914
52916
52918
5294
52941
52943
52946
52947
52948
5296
52961
52963
52964
52967
52968
5298
52981
52983
52984
52986
52987
5321
53214
53216
53218
53219
5324
53241
53246
53247
53248
53249
5326
53261
53264
53267
53268
53269
5327
53274
53276
53278
5328
53281
53284
53286
53287
53289
5329
53291
53294
53296
53298
5341
53412
53416
53417
53418
53419
5342
53421
53426
53427
53428
53429
5346
53461
53462
53467
53468
53469
5347
53471
53472
53476
53478
5348
53481
53482
53486
53487
53489
5349
53491
53492
53496
53498
5361
53612
53614
53618
53619
5362
53621
53624
53627
53628
53629
5364
53641
53642
53647
53648
53649
5367
53672
53674
53678
5368
53681
53682
53684
53687
53689
5369
53691
53692
53694
53698
5372
53721
53724
53726
53728
53729
5374
53741
53742
53746
53748
53749
5376
53761
53762
53764
53768
53769
5378
53781
53782
53784
53786
53789
5381
53812
53814
53816
53819
5382
53821
53824
53826
53827
53829
5384
53841
53842
53846
53847
53849
5386
53861
53862
53864
53867
53869
5387
53872
53874
53876
53879
5389
53891
53892
53894
53896
53897
5412
54123
54126
54127
54128
54129
5416
54162
54163
54167
54168
54169
5417
54172
54173
54176
54178
5418
54182
54183
54186
54187
54189
5419
54192
54196
54198
5421
54213
54216
54217
54218
54219
5423
54231
54236
54237
54238
5426
54261
54263
54267
54268
54269
5427
54271
54273
54276
54278
5428
54281
54283
54286
54287
54289
5429
54291
54296
54298
5432
54321
54326
54327
54328
54329
5436
54361
54362
54367
54368
54369
5437
54371
54372
54376
54378
5438
54381
54382
54386
54387
54389
5461
54612
54617
54618
54619
5462
54621
54623
54627
54628
54629
5463
54632
54637
54638
54639
5467
54671
54672
54673
54678
5468
54681
54682
54683
54687
54689
5469
54691
54692
54693
54698
5471
54712
54716
54718
54719
5472
54721
54723
54726
54728
54729
5473
54732
54736
54738
5476
54761
54762
54763
54768
54769
5478
54781
54782
54783
54786
54789
5481
54812
54816
54817
54819
5482
54821
54823
54826
54827
54829
5483
54832
54836
54837
5486
54861
54862
54863
54867
54869
5487
54871
54872
54873
54876
54879
5489
54891
54892
54896
54897
5491
54912
54916
54917
54918
5492
54921
54923
54926
54927
54928
5496
54961
54962
54963
54967
54968
5498
54981
54982
54983
54986
54987
5612
56123
56124
56127
56128
56129
5614
56142
56143
56147
56148
56149
5618
56182
56183
56184
56187
56189
5619
56192
56193
56194
56198
5621
56213
56214
56218
56219
5623
56231
56234
56237
56238
56239
5624
56241
56243
56247
56248
56249
5627
56273
56274
56278
5628
56281
56283
56284
56287
56289
5629
56291
56293
56294
56298
5632
56321
56324
56327
56328
56329
5634
56341
56342
56347
56348
56349
5637
56372
56374
56378
5638
56381
56382
56384
56387
56389
5639
56391
56392
56394
56398
5641
56412
56417
56418
56419
5642
56421
56423
56427
56428
56429
5643
56432
56437
56438
56439
5647
56471
56472
56473
56478
5648
56481
56482
56483
56487
56489
5649
56491
56492
56493
56498
5672
56721
56723
56724
56728
56729
5673
56732
56734
56738
56739
5674
56741
56742
56743
56748
56749
5678
56781
56782
56783
56784
56789
5681
56812
56814
56819
5682
56821
56823
56824
56827
56829
5683
56832
56834
56837
56839
5684
56841
56842
56843
56847
56849
5687
56872
56873
56874
56879
5689
56891
56892
56893
56894
56897
5691
56912
56914
56918
5692
56921
56923
56924
56927
56928
5693
56932
56934
56937
56938
5694
56941
56942
56943
56947
56948
5698
56981
56982
56983
56984
56987
5721
57213
57214
57216
57218
57219
5723
57231
57234
57236
57238
5724
57241
57243
57246
57248
57249
5726
57261
57263
57264
57268
57269
5728
57281
57283
57284
57286
57289
5729
57291
57294
57296
57298
5732
57321
57324
57326
57328
57329
5734
57341
57342
57346
57348
57349
5736
57361
57362
57364
57368
57369
5738
57381
57382
57384
57386
57389
5741
57412
57416
57418
57419
5742
57421
57423
57426
57428
57429
5743
57432
57436
57438
5746
57461
57462
57463
57468
57469
5748
57481
57482
57483
57486
57489
5749
57491
57492
57496
57498
5761
57612
57614
57618
57619
5762
57621
57623
57624
57628
57629
5763
57632
57634
57638
57639
5764
57641
57642
57643
57648
57649
5768
57681
57682
57683
57684
57689
5769
57691
57692
57693
57694
57698
5781
57812
57814
57816
57819
5782
57821
57823
57824
57826
57829
5783
57832
57834
57836
5784
57841
57842
57843
57846
57849
5786
57861
57862
57863
57864
57869
5789
57891
57892
57894
57896
5812
58123
58124
58126
58127
58129
5814
58142
58143
58146
58147
58149
5816
58162
58163
58164
58167
58169
5819
58192
58194
58196
58197
5821
58213
58214
58216
58219
5823
58231
58234
58236
58237
5824
58241
58243
58246
58247
58249
5826
58261
58263
58264
58267
58269
5827
58273
58274
58276
58279
5829
58291
58294
58296
58297
5832
58321
58324
58326
58327
58329
5834
58341
58342
58346
58347
58349
5836
58361
58362
58364
58367
58369
5837
58372
58374
58376
58379
5841
58412
58416
58417
58419
5842
58421
58423
58426
58427
58429
5843
58432
58436
58437
5846
58461
58462
58463
58467
58469
5847
58471
58472
58473
58476
58479
5849
58491
58492
58496
58497
5861
58612
58614
58619
5862
58621
58623
58624
58627
58629
5863
58632
58634
58637
58639
5864
58641
58642
58643
58647
58649
5867
58672
58673
58674
58679
5869
58691
58692
58693
58694
58697
5872
58721
58723
58724
58726
58729
5873
58732
58734
58736
5874
58741
58742
58743
58746
58749
5876
58761
58762
58763
58764
58769
5879
58791
58792
58794
58796
5891
58912
58914
58916
5892
58921
58923
58924
58926
58927
5894
58941
58942
58943
58946
58947
5896
58961
58962
58963
58964
58967
5897
58972
58973
58974
58976
5912
59123
59124
59126
59127
59128
5914
59142
59143
59146
59147
59148
5916
59162
59163
59164
59167
59168
5918
59182
59183
59184
59186
59187
5921
59213
59214
59216
59218
5923
59231
59234
59236
59237
59238
5924
59241
59243
59246
59247
59248
5926
59261
59263
59264
59267
59268
5927
59273
59274
59276
59278
5928
59281
59283
59284
59286
59287
5941
59412
59416
59417
59418
5942
59421
59423
59426
59427
59428
5943
59432
59436
59437
59438
5946
59461
59462
59463
59467
59468
5947
59471
59472
59473
59476
59478
5948
59481
59482
59483
59486
59487
5961
59612
59614
59618
5962
59621
59623
59624
59627
59628
5963
59632
59634
59637
59638
5964
59641
59642
59643
59647
59648
5967
59672
59673
59674
59678
5968
59681
59682
59683
59684
59687
5981
59812
59814
59816
5982
59821
59823
59824
59826
59827
5983
59832
59834
59836
59837
5984
59841
59842
59843
59846
59847
5986
59861
59862
59863
59864
59867
5987
59872
59873
59874
59876
6123
61234
61235
61238
61239
6124
61243
61245
61247
61248
61249
6125
61253
61254
61257
61258
61259
6127
61274
61275
61278
6129
61293
61294
61295
61298
6142
61423
61425
61427
61429
6143
61432
61435
61438
61439
6145
61452
61453
61457
61458
61459
6147
61472
61475
61478
6148
61483
61485
61487
61489
6149
61492
61493
61495
61498
6152
61523
61524
61527
61528
61529
6153
61532
61534
61537
61538
61539
6154
61542
61543
61547
61548
61549
6157
61572
61573
61574
61578
6158
61582
61583
61584
61587
61589
6159
61592
61593
61594
61598
6183
61832
61834
61835
61839
6184
61842
61843
61845
61847
61849
6185
61852
61853
61854
61857
61859
6187
61872
61874
61875
61879
6189
61892
61893
61894
61895
61897
6213
62134
62135
62138
62139
6214
62143
62145
62147
62148
62149
6215
62153
62154
62157
62158
62159
6218
62183
62184
62185
62187
62189
6231
62314
62315
62318
6234
62341
62345
62347
62348
62349
6235
62351
62354
62357
62358
62359
6238
62381
62384
62385
62387
62389
6239
62394
62395
62398
6241
62413
62415
62417
62418
6243
62431
62435
62438
62439
6245
62451
62453
62457
62458
62459
6247
62471
62475
62478
6248
62481
62483
62485
62487
62489
6249
62493
62495
62498
6251
62513
62514
62518
62519
6253
62531
62534
62537
62538
62539
6254
62541
62543
62547
62548
62549
6257
62573
62574
62578
6258
62581
62583
62584
62587
62589
6259
62591
62593
62594
62598
6274
62741
62743
62745
62748
62749
6275
62751
62753
62754
62758
62759
6278
62781
62783
62784
62785
62789
6293
62931
62934
62935
62938
6294
62941
62943
62945
62947
62948
6295
62951
62953
62954
62957
62958
6298
62981
62983
62984
62985
62987
6321
63214
63215
63218
6324
63241
63245
63247
63248
63249
6325
63251
63254
63257
63258
63259
6327
63274
63275
63278
6329
63294
63295
63298
6341
63412
63415
63417
63418
6342
63421
63425
63427
63429
6345
63451
63452
63457
63458
63459
6347
63471
63472
63475
63478
6348
63481
63485
63487
63489
6349
63492
63495
63498
6351
63512
63514
63518
63519
6352
63521
63524
63527
63528
63529
6354
63541
63542
63547
63548
63549
6357
63572
63574
63578
6358
63581
63582
63584
63587
63589
6359
63591
63592
63594
63598
6381
63812
63814
63815
6384
63841
63842
63845
63847
63849
6385
63851
63852
63854
63857
63859
6387
63872
63874
63875
63879
6389
63892
63894
63895
63897
6392
63921
63924
63925
63927
6394
63941
63942
63945
63947
63948
6395
63951
63952
63954
63957
63958
6398
63981
63984
63985
63987
6512
65123
65124
65127
65128
65129
6514
65142
65143
65147
65148
65149
6518
65182
65183
65184
65187
65189
6519
65192
65193
65194
65198
6521
65213
65214
65218
65219
6523
65231
65234
65237
65238
65239
6524
65241
65243
65247
65248
65249
6527
65273
65274
65278
6528
65281
65283
65284
65287
65289
6529
65291
65293
65294
65298
6532
65321
65324
65327
65328
65329
6534
65341
65342
65347
65348
65349
6537
65372
65374
65378
6538
65381
65382
65384
65387
65389
6539
65391
65392
65394
65398
6541
65412
65417
65418
65419
6542
65421
65423
65427
65428
65429
6543
65432
65437
65438
65439
6547
65471
65472
65473
65478
6548
65481
65482
65483
65487
65489
6549
65491
65492
65493
65498
6572
65721
65723
65724
65728
65729
6573
65732
65734
65738
65739
6574
65741
65742
65743
65748
65749
6578
65781
65782
65783
65784
65789
6581
65812
65814
65819
6582
65821
65823
65824
65827
65829
6583
65832
65834
65837
65839
6584
65841
65842
65843
65847
65849
6587
65872
65873
65874
65879
6589
65891
65892
65893
65894
65897
6591
65912
65914
65918
6592
65921
65923
65924
65927
65928
6593
65932
65934
65937
65938
6594
65941
65942
65943
65947
65948
6598
65981
65982
65983
65984
65987
6721
67213
67214
67215
67218
6723
67231
67234
67235
67238
67239
6724
67241
67243
67245
67248
67249
6725
67251
67253
67254
67258
67259
6729
67293
67294
67295
67298
6741
67412
67415
67418
6742
67421
67423
67425
67429
6743
67432
67435
67438
67439
6745
67451
67452
67453
67458
67459
6748
67481
67483
67485
67489
6749
67492
67493
67495
67498
6751
67512
67514
67518
67519
6752
67521
67523
67524
67528
67529
6753
67532
67534
67538
67539
6754
67541
67542
67543
67548
67549
6758
67581
67582
67583
67584
67589
6759
67591
67592
67593
67594
67598
6781
67812
67814
67815
6783
67832
67834
67835
67839
6784
67841
67842
67843
67845
67849
6785
67851
67852
67853
67854
67859
6789
67892
67893
67894
67895
6812
68123
68124
68125
68127
68129
6814
68142
68143
68145
68147
68149
6815
68152
68153
68154
68157
68159
6832
68321
68324
68325
68327
68329
6834
68341
68342
68345
68347
68349
6835
68351
68352
68354
68357
68359
6839
68392
68394
68395
68397
6841
68412
68415
68417
6842
68421
68423
68425
68427
68429
6843
68432
68435
68439
6845
68451
68452
68453
68457
68459
6847
68471
68472
68475
68479
6849
68492
68493
68495
68497
6851
68512
68514
68519
6852
68521
68523
68524
68527
68529
6853
68532
68534
68537
68539
6854
68541
68542
68543
68547
68549
6857
68572
68573
68574
68579
6859
68591
68592
68593
68594
68597
6872
68721
68723
68724
68725
68729
6874
68741
68742
68743
68745
68749
6875
68751
68752
68753
68754
68759
6879
68792
68793
68794
68795
6892
68921
68923
68924
68925
68927
6893
68932
68934
68935
6894
68941
68942
68943
68945
68947
6895
68951
68952
68953
68954
68957
6897
68972
68974
68975
6921
69213
69214
69215
69218
6923
69231
69234
69235
69238
6924
69241
69243
69245
69247
69248
6925
69251
69253
69254
69257
69258
6927
69274
69275
69278
6932
69321
69324
69325
69327
6934
69341
69342
69345
69347
69348
6935
69351
69352
69354
69357
69358
6938
69381
69384
69385
69387
6941
69412
69415
69417
69418
6942
69421
69423
69425
69427
6943
69432
69435
69438
6945
69451
69452
69453
69457
69458
6947
69471
69472
69475
69478
6948
69481
69483
69485
69487
6951
69512
69514
69518
6952
69521
69523
69524
69527
69528
6953
69532
69534
69537
69538
6954
69541
69542
69543
69547
69548
6957
69572
69573
69574
69578
6958
69581
69582
69583
69584
69587
6981
69812
69814
69815
6983
69832
69834
69835
6984
69841
69842
69843
69845
69847
6985
69851
69852
69853
69854
69857
6987
69872
69874
69875
7213
72134
72135
72136
72138
7214
72143
72145
72148
72149
7215
72153
72154
72156
72158
72159
7216
72163
72165
72168
72169
7218
72183
72184
72185
72186
72189
7231
72314
72315
72316
72318
7234
72341
72345
72348
72349
7235
72351
72354
72356
72358
72359
7236
72361
72365
72368
72369
7238
72381
72384
72385
72386
72389
7241
72413
72415
72416
72418
7243
72431
72435
72436
72438
7245
72451
72453
72456
72458
72459
7248
72481
72483
72485
72486
72489
7249
72495
72496
72498
7251
72513
72514
72516
72518
72519
7253
72531
72534
72536
72538
7254
72541
72543
72546
72548
72549
7256
72561
72563
72564
72568
72569
7258
72581
72583
72584
72586
72589
7259
72591
72594
72596
72598
7261
72613
72614
72615
72618
7263
72631
72634
72635
72638
72639
7265
72651
72653
72654
72658
72659
7268
72681
72683
72684
72685
72689
7269
72693
72694
72695
72698
7294
72941
72943
72945
72948
7295
72951
72953
72954
72956
72958
7296
72961
72963
72965
72968
7298
72981
72983
72984
72985
72986
7412
74123
74125
74126
74129
7415
74152
74153
74156
74158
74159
7416
74162
74163
74165
74168
74169
7418
74183
74185
74186
74189
7421
74213
74215
74216
74218
7423
74231
74235
74236
74238
7425
74251
74253
74256
74258
74259
7426
74261
74263
74265
74268
74269
7429
74295
74296
74298
7432
74321
74325
74326
74329
7435
74351
74352
74356
74358
74359
7436
74361
74362
74365
74368
74369
7438
74381
74385
74386
74389
7451
74512
74516
74518
74519
7452
74521
74523
74526
74528
74529
7453
74532
74536
74538
7456
74561
74562
74563
74568
74569
7458
74581
74582
74583
74586
74589
7459
74591
74592
74596
74598
7481
74812
74815
74816
7483
74832
74835
74836
7485
74851
74852
74853
74856
74859
7486
74861
74862
74863
74865
74869
7489
74892
74895
74896
7492
74921
74923
74925
74926
7495
74951
74952
74953
74956
74958
7496
74961
74962
74963
74965
74968
7498
74981
74983
74985
74986
7512
75123
75124
75126
75128
75129
7514
75142
75143
75146
75148
75149
7516
75162
75163
75164
75168
75169
7518
75182
75183
75184
75186
75189
7519
75192
75194
75196
75198
7521
75213
75214
75216
75218
75219
7523
75231
75234
75236
75238
7524
75241
75243
75246
75248
75249
7526
75261
75263
75264
75268
75269
7528
75281
75283
75284
75286
75289
7529
75291
75294
75296
75298
7532
75321
75324
75326
75328
75329
7534
75341
75342
75346
75348
75349
7536
75361
75362
75364
75368
75369
7538
75381
75382
75384
75386
75389
7541
75412
75416
75418
75419
7542
75421
75423
75426
75428
75429
7543
75432
75436
75438
7546
75461
75462
75463
75468
75469
7548
75481
75482
75483
75486
75489
7549
75491
75492
75496
75498
7561
75612
75614
75618
75619
7562
75621
75623
75624
75628
75629
7563
75632
75634
75638
75639
7564
75641
75642
75643
75648
75649
7568
75681
75682
75683
75684
75689
7569
75691
75692
75693
75694
75698
7581
75812
75814
75816
75819
7582
75821
75823
75824
75826
75829
7583
75832
75834
75836
7584
75841
75842
75843
75846
75849
7586
75861
75862
75863
75864
75869
7589
75891
75892
75894
75896
7591
75912
75914
75916
75918
7592
75921
75923
75924
75926
75928
7594
75941
75942
75943
75946
75948
7596
75961
75962
75963
75964
75968
7598
75981
75982
75983
75984
75986
7612
76123
76124
76125
76129
7614
76142
76143
76145
76148
76149
7615
76152
76153
76154
76158
76159
7618
76183
76184
76185
76189
7621
76213
76214
76215
76218
7623
76231
76234
76235
76238
76239
7624
76241
76243
76245
76248
76249
7625
76251
76253
76254
76258
76259
7629
76293
76294
76295
76298
7632
76321
76324
76325
76329
7634
76341
76342
76345
76348
76349
7635
76351
76352
76354
76358
76359
7638
76381
76384
76385
76389
7639
76392
76394
76395
76398
7651
76512
76514
76518
76519
7652
76521
76523
76524
76528
76529
7653
76532
76534
76538
76539
7654
76541
76542
76543
76548
76549
7658
76581
76582
76583
76584
76589
7659
76591
76592
76593
76594
76598
7681
76812
76814
76815
7683
76832
76834
76835
76839
7684
76841
76842
76843
76845
76849
7685
76851
76852
76853
76854
76859
7689
76892
76893
76894
76895
7692
76921
76923
76924
76925
7693
76932
76934
76935
76938
7694
76941
76942
76943
76945
76948
7695
76951
76952
76953
76954
76958
7698
76981
76983
76984
76985
7812
78123
78124
78125
78126
78129
7814
78142
78143
78145
78149
7815
78152
78153
78154
78156
78159
7816
78162
78163
78165
78169
7832
78321
78324
78325
78326
78329
7834
78341
78342
78345
78349
7835
78351
78352
78354
78356
78359
7836
78361
78362
78365
78369
7841
78412
78415
78416
7842
78421
78423
78425
78426
78429
7843
78432
78435
78436
7845
78451
78452
78453
78456
78459
7849
78492
78495
78496
7851
78512
78514
78516
78519
7852
78521
78523
78524
78526
78529
7853
78532
78534
78536
7854
78541
78542
78543
78546
78549
7856
78561
78562
78563
78564
78569
7859
78591
78592
78594
78596
7861
78612
78614
78615
7862
78621
78623
78624
78625
78629
7863
78632
78634
78635
78639
7865
78651
78652
78653
78654
78659
7869
78692
78693
78694
78695
7892
78921
78923
78924
78925
78926
7894
78941
78942
78943
78945
7895
78951
78952
78953
78954
78956
7896
78961
78962
78963
78965
8123
81234
81235
81236
8124
81243
81245
81247
81249
8125
81253
81254
81256
81257
81259
8126
81263
81265
81267
81269
8127
81274
81275
81276
81279
8129
81294
81295
81296
81297
8142
81423
81425
81426
81427
81429
8143
81432
81435
81436
8145
81452
81453
81456
81457
81459
8147
81472
81475
81476
81479
8149
81492
81495
81496
81497
8152
81523
81524
81526
81527
81529
8153
81532
81534
81536
81537
8154
81542
81543
81546
81547
81549
8156
81562
81563
81564
81567
81569
8157
81572
81573
81574
81576
81579
8159
81592
81594
81596
81597
8162
81623
81624
81625
81627
81629
8163
81632
81634
81635
81639
8165
81652
81653
81654
81657
81659
8167
81672
81674
81675
81679
8169
81692
81693
81694
81695
81697
8321
83214
83215
83216
8324
83241
83245
83247
83249
8325
83251
83254
83256
83257
83259
8326
83261
83265
83267
83269
8327
83274
83275
83276
83279
8329
83294
83295
83296
83297
8341
83412
83415
83416
83417
8342
83421
83425
83426
83427
83429
8345
83451
83452
83456
83457
83459
8347
83471
83472
83475
83476
83479
8349
83492
83495
83496
83497
8351
83512
83514
83516
83519
8352
83521
83524
83526
83527
83529
8354
83541
83542
83546
83547
83549
8356
83561
83562
83564
83567
83569
8357
83572
83574
83576
83579
8359
83591
83592
83594
83596
83597
8361
83612
83614
83615
8362
83621
83624
83625
83627
83629
8365
83651
83652
83654
83657
83659
8367
83672
83674
83675
83679
8369
83692
83694
83695
83697
8412
84123
84125
84126
84127
84129
8415
84152
84153
84156
84157
84159
8416
84162
84163
84165
84167
84169
8417
84172
84175
84176
84179
8421
84213
84215
84216
84217
8423
84231
84235
84236
8425
84251
84253
84256
84257
84259
8426
84261
84263
84265
84267
84269
8427
84271
84275
84276
84279
8429
84295
84296
84297
8432
84321
84325
84326
84327
84329
8435
84351
84352
84356
84357
84359
8436
84361
84362
84365
84367
84369
8451
84512
84516
84517
84519
8452
84521
84523
84526
84527
84529
8453
84532
84536
84537
8456
84561
84562
84563
84567
84569
8457
84571
84572
84573
84576
84579
8459
84591
84592
84596
84597
8471
84712
84715
84716
8472
84721
84723
84725
84726
84729
8475
84751
84752
84753
84756
84759
8476
84761
84762
84763
84765
84769
8479
84792
84795
84796
8492
84921
84923
84925
84926
84927
8495
84951
84952
84953
84956
84957
8496
84961
84962
84963
84965
84967
8497
84971
84972
84975
84976
8512
85123
85124
85126
85127
85129
8514
85142
85143
85146
85147
85149
8516
85162
85163
85164
85167
85169
8519
85192
85194
85196
85197
8521
85213
85214
85216
85219
8523
85231
85234
85236
85237
8524
85241
85243
85246
85247
85249
8526
85261
85263
85264
85267
85269
8527
85273
85274
85276
85279
8529
85291
85294
85296
85297
8532
85321
85324
85326
85327
85329
8534
85341
85342
85346
85347
85349
8536
85361
85362
85364
85367
85369
8537
85372
85374
85376
85379
8541
85412
85416
85417
85419
8542
85421
85423
85426
85427
85429
8543
85432
85436
85437
8546
85461
85462
85463
85467
85469
8547
85471
85472
85473
85476
85479
8549
85491
85492
85496
85497
8561
85612
85614
85619
8562
85621
85623
85624
85627
85629
8563
85632
85634
85637
85639
8564
85641
85642
85643
85647
85649
8567
85672
85673
85674
85679
8569
85691
85692
85693
85694
85697
8572
85721
85723
85724
85726
85729
8573
85732
85734
85736
8574
85741
85742
85743
85746
85749
8576
85761
85762
85763
85764
85769
8579
85791
85792
85794
85796
8591
85912
85914
85916
8592
85921
85923
85924
85926
85927
8594
85941
85942
85943
85946
85947
8596
85961
85962
85963
85964
85967
8597
85972
85973
85974
85976
8612
86123
86124
86125
86127
86129
8614
86142
86143
86145
86147
86149
8615
86152
86153
86154
86157
86159
8621
86213
86214
86215
8623
86231
86234
86235
86239
8624
86241
86243
86245
86247
86249
8625
86251
86253
86254
86257
86259
8627
86274
86275
86279
8629
86293
86294
86295
86297
8632
86321
86324
86325
86327
86329
8634
86341
86342
86345
86347
86349
8635
86351
86352
86354
86357
86359
8639
86392
86394
86395
86397
8651
86512
86514
86519
8652
86521
86523
86524
86527
86529
8653
86532
86534
86537
86539
8654
86541
86542
86543
86547
86549
8657
86572
86573
86574
86579
8659
86591
86592
86593
86594
86597
8672
86721
86723
86724
86725
86729
8674
86741
86742
86743
86745
86749
8675
86751
86752
86753
86754
86759
8679
86792
86793
86794
86795
8692
86921
86923
86924
86925
86927
8693
86932
86934
86935
8694
86941
86942
86943
86945
86947
8695
86951
86952
86953
86954
86957
8697
86972
86974
86975
8721
87213
87214
87215
87216
8723
87231
87234
87235
87236
8724
87241
87243
87245
87249
8725
87251
87253
87254
87256
87259
8726
87261
87263
87265
87269
8729
87294
87295
87296
8741
87412
87415
87416
8742
87421
87423
87425
87426
87429
8743
87432
87435
87436
8745
87451
87452
87453
87456
87459
8749
87492
87495
87496
8751
87512
87514
87516
87519
8752
87521
87523
87524
87526
87529
8753
87532
87534
87536
8754
87541
87542
87543
87546
87549
8756
87561
87562
87563
87564
87569
8759
87591
87592
87594
87596
8761
87612
87614
87615
8762
87621
87623
87624
87625
87629
8763
87632
87634
87635
87639
8765
87651
87652
87653
87654
87659
8769
87692
87693
87694
87695
8792
87921
87923
87924
87925
87926
8794
87941
87942
87943
87945
8795
87951
87952
87953
87954
87956
8796
87961
87962
87963
87965
8921
89213
89214
89215
89216
8923
89231
89234
89235
89236
8924
89241
89243
89245
89247
8925
89251
89253
89254
89256
89257
8926
89261
89263
89265
89267
8927
89274
89275
89276
8941
89412
89415
89416
89417
8942
89421
89423
89425
89426
89427
8943
89432
89435
89436
8945
89451
89452
89453
89456
89457
8947
89471
89472
89475
89476
8951
89512
89514
89516
8952
89521
89523
89524
89526
89527
8953
89532
89534
89536
89537
8954
89541
89542
89543
89546
89547
8956
89561
89562
89563
89564
89567
8957
89572
89573
89574
89576
8961
89612
89614
89615
8962
89621
89623
89624
89625
89627
8963
89632
89634
89635
8965
89651
89652
89653
89654
89657
8967
89672
89674
89675
8972
89721
89723
89724
89725
89726
8974
89741
89742
89743
89745
8975
89751
89752
89753
89754
89756
8976
89761
89762
89763
89765
9213
92134
92135
92136
92138
9214
92143
92145
92147
92148
9215
92153
92154
92156
92157
92158
9216
92163
92165
92167
92168
9218
92183
92184
92185
92186
92187
9231
92314
92315
92316
92318
9234
92341
92345
92347
92348
9235
92351
92354
92356
92357
92358
9236
92361
92365
92367
92368
9238
92381
92384
92385
92386
92387
9241
92413
92415
92416
92417
92418
9243
92431
92435
92436
92438
9245
92451
92453
92456
92457
92458
9247
92471
92475
92476
92478
9248
92481
92483
92485
92486
92487
9251
92513
92514
92516
92518
9253
92531
92534
92536
92537
92538
9254
92541
92543
92546
92547
92548
9256
92561
92563
92564
92567
92568
9257
92573
92574
92576
92578
9258
92581
92583
92584
92586
92587
9261
92613
92614
92615
92618
9263
92631
92634
92635
92638
9265
92651
92653
92654
92657
92658
9267
92674
92675
92678
9268
92681
92683
92684
92685
92687
9274
92741
92743
92745
92748
9275
92751
92753
92754
92756
92758
9276
92761
92763
92765
92768
9278
92781
92783
92784
92785
92786
9412
94123
94125
94126
94127
9415
94152
94153
94156
94157
94158
9416
94162
94163
94165
94167
94168
9417
94172
94175
94176
94178
9418
94183
94185
94186
94187
9421
94213
94215
94216
94217
94218
9423
94231
94235
94236
94238
9425
94251
94253
94256
94257
94258
9426
94261
94263
94265
94267
94268
9427
94271
94275
94276
94278
9432
94321
94325
94326
94327
9435
94351
94352
94356
94357
94358
9436
94361
94362
94365
94367
94368
9438
94381
94385
94386
94387
9451
94512
94516
94517
94518
9452
94521
94523
94526
94527
94528
9453
94532
94536
94537
94538
9456
94561
94562
94563
94567
94568
9457
94571
94572
94573
94576
94578
9458
94581
94582
94583
94586
94587
9471
94712
94715
94716
94718
9472
94721
94723
94725
94726
9475
94751
94752
94753
94756
94758
9476
94761
94762
94763
94765
94768
9478
94781
94783
94785
94786
9481
94812
94815
94816
94817
9483
94832
94835
94836
9485
94851
94852
94853
94856
94857
9486
94861
94862
94863
94865
94867
9487
94871
94872
94875
94876
9512
95123
95124
95126
95127
95128
9514
95142
95143
95146
95147
95148
9516
95162
95163
95164
95167
95168
9518
95182
95183
95184
95186
95187
9521
95213
95214
95216
95218
9523
95231
95234
95236
95237
95238
9524
95241
95243
95246
95247
95248
9526
95261
95263
95264
95267
95268
9527
95273
95274
95276
95278
9528
95281
95283
95284
95286
95287
9532
95321
95324
95326
95327
95328
9534
95341
95342
95346
95347
95348
9536
95361
95362
95364
95367
95368
9537
95372
95374
95376
95378
9538
95381
95382
95384
95386
95387
9541
95412
95416
95417
95418
9542
95421
95423
95426
95427
95428
9543
95432
95436
95437
95438
9546
95461
95462
95463
95467
95468
9547
95471
95472
95473
95476
95478
9548
95481
95482
95483
95486
95487
9561
95612
95614
95618
9562
95621
95623
95624
95627
95628
9563
95632
95634
95637
95638
9564
95641
95642
95643
95647
95648
9567
95672
95673
95674
95678
9568
95681
95682
95683
95684
95687
9572
95721
95723
95724
95726
95728
9573
95732
95734
95736
95738
9574
95741
95742
95743
95746
95748
9576
95761
95762
95763
95764
95768
9578
95781
95782
95783
95784
95786
9581
95812
95814
95816
9582
95821
95823
95824
95826
95827
9583
95832
95834
95836
95837
9584
95841
95842
95843
95846
95847
9586
95861
95862
95863
95864
95867
9587
95872
95873
95874
95876
9612
96123
96124
96125
96127
9614
96142
96143
96145
96147
96148
9615
96152
96153
96154
96157
96158
9618
96183
96184
96185
96187
9621
96213
96214
96215
96218
9623
96231
96234
96235
96238
9624
96241
96243
96245
96247
96248
9625
96251
96253
96254
96257
96258
9627
96274
96275
96278
9632
96321
96324
96325
96327
9634
96341
96342
96345
96347
96348
9635
96351
96352
96354
96357
96358
9638
96381
96384
96385
96387
9651
96512
96514
96518
9652
96521
96523
96524
96527
96528
9653
96532
96534
96537
96538
9654
96541
96542
96543
96547
96548
9657
96572
96573
96574
96578
9658
96581
96582
96583
96584
96587
9672
96721
96723
96724
96725
9674
96741
96742
96743
96745
96748
9675
96751
96752
96753
96754
96758
9678
96781
96783
96784
96785
9681
96812
96814
96815
9683
96832
96834
96835
9684
96841
96842
96843
96845
96847
9685
96851
96852
96853
96854
96857
9687
96872
96874
96875
9812
98123
98124
98125
98126
98127
9814
98142
98143
98145
98147
9815
98152
98153
98154
98156
98157
9816
98162
98163
98165
98167
9832
98321
98324
98325
98326
98327
9834
98341
98342
98345
98347
9835
98351
98352
98354
98356
98357
9836
98361
98362
98365
98367
9841
98412
98415
98416
98417
9842
98421
98423
98425
98426
98427
9843
98432
98435
98436
9845
98451
98452
98453
98456
98457
9847
98471
98472
98475
98476
9851
98512
98514
98516
9852
98521
98523
98524
98526
98527
9853
98532
98534
98536
98537
9854
98541
98542
98543
98546
98547
9856
98561
98562
98563
98564
98567
9857
98572
98573
98574
98576
9861
98612
98614
98615
9862
98621
98623
98624
98625
98627
9863
98632
98634
98635
9865
98651
98652
98653
98654
98657
9867
98672
98674
98675
9872
98721
98723
98724
98725
98726
9874
98741
98742
98743
98745
9875
98751
98752
98753
98754
98756
9876
98761
98762
98763
98765
