12345
12347
12348
12349
12354
12356
12357
12358
12359
12365
12367
12368
12369
12384
12385
12386
12387
12389
12435
12436
12438
12453
12456
12457
12458
12459
12475
12476
12478
12483
12485
12486
12487
12489
12495
12496
12498
12534
12536
12537
12538
12543
12546
12547
12548
12549
12563
12564
12567
12568
12569
12573
12574
12576
12578
12583
12584
12586
12587
12589
12594
12596
12598
12634
12635
12638
12639
12653
12654
12657
12658
12659
12674
12675
12678
12683
12684
12685
12687
12689
12693
12694
12695
12698
12743
12745
12748
12749
12753
12754
12756
12758
12759
12763
12765
12768
12769
12783
12784
12785
12786
12789
12943
12945
12947
12948
12953
12954
12956
12957
12958
12963
12965
12967
12968
12983
12984
12985
12986
12987
14235
14236
14238
14253
14256
14257
14258
14259
14263
14265
14267
14268
14269
14275
14276
14278
14295
14296
14298
14325
14326
14327
14329
14352
14356
14357
14358
14359
14362
14365
14367
14368
14369
14385
14386
14387
14389
14523
14526
14527
14528
14529
14532
14536
14537
14538
14562
14563
14567
14568
14569
14572
14573
14576
14578
14582
14583
14586
14587
14589
14592
14596
14598
14723
14725
14726
14729
14752
14753
14756
14758
14759
14762
14763
14765
14768
14769
14783
14785
14786
14789
14832
14835
14836
14852
14853
14856
14857
14859
14862
14863
14865
14867
14869
14872
14875
14876
14879
14892
14895
14896
14897
14923
14925
14926
14927
14952
14953
14956
14957
14958
14962
14963
14965
14967
14968
14983
14985
14986
14987
15234
15236
15237
15238
15243
15246
15247
15248
15249
15263
15264
15267
15268
15269
15273
15274
15276
15278
15283
15284
15286
15287
15289
15294
15296
15298
15324
15326
15327
15328
15329
15342
15346
15347
15348
15349
15362
15364
15367
15368
15369
15372
15374
15376
15378
15382
15384
15386
15387
15389
15423
15426
15427
15428
15429
15432
15436
15437
15438
15462
15463
15467
15468
15469
15472
15473
15476
15478
15482
15483
15486
15487
15489
15492
15496
15498
15623
15624
15627
15628
15629
15632
15634
15637
15638
15639
15642
15643
15647
15648
15649
15672
15673
15674
15678
15682
15683
15684
15687
15689
15692
15693
15694
15698
15723
15724
15726
15728
15729
15732
15734
15736
15738
15742
15743
15746
15748
15749
15762
15763
15764
15768
15769
15782
15783
15784
15786
15789
15823
15824
15826
15827
15829
15832
15834
15836
15837
15842
15843
15846
15847
15849
15862
15863
15864
15867
15869
15872
15873
15874
15876
15879
15892
15894
15896
15897
15923
15924
15926
15927
15928
15942
15943
15946
15947
15948
15962
15963
15964
15967
15968
15982
15983
15984
15986
15987
16234
16235
16238
16239
16243
16245
16247
16248
16249
16253
16254
16257
16258
16259
16274
16275
16278
16293
16294
16295
16298
16324
16325
16327
16329
16342
16345
16347
16348
16349
16352
16354
16357
16358
16359
16384
16385
16387
16389
16392
16394
16395
16398
16523
16524
16527
16528
16529
16532
16534
16537
16538
16539
16542
16543
16547
16548
16549
16572
16573
16574
16578
16582
16583
16584
16587
16589
16592
16593
16594
16598
16723
16724
16725
16729
16742
16743
16745
16748
16749
16752
16753
16754
16758
16759
16783
16784
16785
16789
16832
16834
16835
16839
16842
16843
16845
16847
16849
16852
16853
16854
16857
16859
16872
16874
16875
16879
16892
16893
16894
16895
16897
16923
16924
16925
16927
16932
16934
16935
16938
16942
16943
16945
16947
16948
16952
16953
16954
16957
16958
16983
16984
16985
16987
18324
18325
18326
18327
18329
18342
18345
18347
18349
18352
18354
18356
18357
18359
18362
18365
18367
18369
18423
18425
18426
18427
18429
18432
18435
18436
18452
18453
18456
18457
18459
18472
18475
18476
18479
18492
18495
18496
18497
18523
18524
18526
18527
18529
18532
18534
18536
18537
18542
18543
18546
18547
18549
18562
18563
18564
18567
18569
18572
18573
18574
18576
18579
18592
18594
18596
18597
18623
18624
18625
18627
18629
18632
18634
18635
18639
18652
18653
18654
18657
18659
18672
18674
18675
18679
18692
18693
18694
18695
18697
18723
18724
18725
18726
18729
18742
18743
18745
18749
18752
18753
18754
18756
18759
18762
18763
18765
18769
18792
18794
18795
18796
18923
18924
18925
18926
18927
18942
18943
18945
18947
18952
18953
18954
18956
18957
18962
18963
18965
18967
18972
18974
18975
18976
21345
21347
21348
21349
21354
21356
21357
21358
21359
21365
21367
21368
21369
21384
21385
21386
21387
21389
21435
21436
21438
21453
21456
21457
21458
21459
21475
21476
21478
21483
21485
21486
21487
21489
21495
21496
21498
21534
21536
21537
21538
21543
21546
21547
21548
21549
21563
21564
21567
21568
21569
21573
21574
21576
21578
21583
21584
21586
21587
21589
21594
21596
21598
21634
21635
21638
21639
21653
21654
21657
21658
21659
21674
21675
21678
21683
21684
21685
21687
21689
21693
21694
21695
21698
21834
21835
21836
21843
21845
21847
21849
21853
21854
21856
21857
21859
21863
21865
21867
21869
21874
21875
21876
21879
21894
21895
21896
21897
23145
23147
23148
23149
23154
23156
23157
23158
23159
23165
23167
23168
23169
23184
23185
23186
23187
23189
23415
23416
23417
23418
23451
23456
23457
23458
23459
23471
23475
23476
23478
23481
23485
23486
23487
23489
23495
23496
23498
23514
23516
23518
23519
23541
23546
23547
23548
23549
23561
23564
23567
23568
23569
23574
23576
23578
23581
23584
23586
23587
23589
23591
23594
23596
23598
23614
23615
23618
23651
23654
23657
23658
23659
23674
23675
23678
23681
23684
23685
23687
23689
23694
23695
23698
23814
23815
23816
23841
23845
23847
23849
23851
23854
23856
23857
23859
23861
23865
23867
23869
23874
23875
23876
23879
23894
23895
23896
23897
24135
24136
24138
24153
24156
24157
24158
24159
24163
24165
24167
24168
24169
24175
24176
24178
24183
24185
24186
24187
24189
24315
24316
24317
24318
24351
24356
24357
24358
24359
24361
24365
24367
24368
24369
24381
24385
24386
24387
24389
24513
24516
24517
24518
24519
24531
24536
24537
24538
24561
24563
24567
24568
24569
24571
24573
24576
24578
24581
24583
24586
24587
24589
24591
24596
24598
24713
24715
24716
24718
24751
24753
24756
24758
24759
24761
24763
24765
24768
24769
24781
24783
24785
24786
24789
24813
24815
24816
24817
24831
24835
24836
24851
24853
24856
24857
24859
24861
24863
24865
24867
24869
24871
24875
24876
24879
24895
24896
24897
24951
24953
24956
24957
24958
24961
24963
24965
24967
24968
24981
24983
24985
24986
24987
25134
25136
25137
25138
25143
25146
25147
25148
25149
25163
25164
25167
25168
25169
25183
25184
25186
25187
25189
25194
25196
25198
25314
25316
25318
25319
25341
25346
25347
25348
25349
25361
25364
25367
25368
25369
25374
25376
25378
25381
25384
25386
25387
25389
25413
25416
25417
25418
25419
25431
25436
25437
25438
25461
25463
25467
25468
25469
25471
25473
25476
25478
25481
25483
25486
25487
25489
25491
25496
25498
25613
25614
25618
25619
25631
25634
25637
25638
25639
25641
25643
25647
25648
25649
25673
25674
25678
25681
25683
25684
25687
25689
25691
25693
25694
25698
25731
25734
25736
25738
25741
25743
25746
25748
25749
25761
25763
25764
25768
25769
25781
25783
25784
25786
25789
25813
25814
25816
25819
25831
25834
25836
25837
25841
25843
25846
25847
25849
25861
25863
25864
25867
25869
25873
25874
25876
25879
25891
25894
25896
25897
25913
25914
25916
25918
25941
25943
25946
25947
25948
25961
25963
25964
25967
25968
25981
25983
25984
25986
25987
26134
26135
26138
26139
26143
26145
26147
26148
26149
26153
26154
26157
26158
26159
26183
26184
26185
26187
26189
26314
26315
26318
26341
26345
26347
26348
26349
26351
26354
26357
26358
26359
26381
26384
26385
26387
26389
26394
26395
26398
26513
26514
26518
26519
26531
26534
26537
26538
26539
26541
26543
26547
26548
26549
26573
26574
26578
26581
26583
26584
26587
26589
26591
26593
26594
26598
26741
26743
26745
26748
26749
26751
26753
26754
26758
26759
26781
26783
26784
26785
26789
26813
26814
26815
26831
26834
26835
26839
26841
26843
26845
26847
26849
26851
26853
26854
26857
26859
26874
26875
26879
26893
26894
26895
26897
26931
26934
26935
26938
26941
26943
26945
26947
26948
26951
26953
26954
26957
26958
26981
26983
26984
26985
26987
27413
27415
27416
27418
27431
27435
27436
27438
27451
27453
27456
27458
27459
27481
27483
27485
27486
27489
27495
27496
27498
27513
27514
27516
27518
27519
27531
27534
27536
27538
27541
27543
27546
27548
27549
27561
27563
27564
27568
27569
27581
27583
27584
27586
27589
27591
27594
27596
27598
27613
27614
27615
27618
27631
27634
27635
27638
27639
27651
27653
27654
27658
27659
27681
27683
27684
27685
27689
27693
27694
27695
27698
27813
27814
27815
27816
27831
27834
27835
27836
27841
27843
27845
27849
27851
27853
27854
27856
27859
27861
27863
27865
27869
27894
27895
27896
29413
29415
29416
29417
29418
29431
29435
29436
29438
29451
29453
29456
29457
29458
29471
29475
29476
29478
29481
29483
29485
29486
29487
29513
29514
29516
29518
29531
29534
29536
29537
29538
29541
29543
29546
29547
29548
29561
29563
29564
29567
29568
29573
29574
29576
29578
29581
29583
29584
29586
29587
29613
29614
29615
29618
29631
29634
29635
29638
29651
29653
29654
29657
29658
29674
29675
29678
29681
29683
29684
29685
29687
29813
29814
29815
29816
29831
29834
29835
29836
29841
29843
29845
29847
29851
29853
29854
29856
29857
29861
29863
29865
29867
29874
29875
29876
32145
32147
32148
32149
32154
32156
32157
32158
32159
32165
32167
32168
32169
32184
32185
32186
32187
32189
32415
32416
32417
32418
32451
32456
32457
32458
32459
32471
32475
32476
32478
32481
32485
32486
32487
32489
32495
32496
32498
32514
32516
32518
32519
32541
32546
32547
32548
32549
32561
32564
32567
32568
32569
32574
32576
32578
32581
32584
32586
32587
32589
32591
32594
32596
32598
32614
32615
32618
32651
32654
32657
32658
32659
32674
32675
32678
32681
32684
32685
32687
32689
32694
32695
32698
32741
32745
32748
32749
32751
32754
32756
32758
32759
32761
32765
32768
32769
32781
32784
32785
32786
32789
32941
32945
32947
32948
32951
32954
32956
32957
32958
32961
32965
32967
32968
32981
32984
32985
32986
32987
34125
34126
34127
34129
34152
34156
34157
34158
34159
34162
34165
34167
34168
34169
34172
34175
34176
34178
34185
34186
34187
34189
34215
34216
34217
34218
34251
34256
34257
34258
34259
34261
34265
34267
34268
34269
34271
34275
34276
34278
34295
34296
34298
34512
34516
34517
34518
34519
34521
34526
34527
34528
34529
34561
34562
34567
34568
34569
34571
34572
34576
34578
34581
34582
34586
34587
34589
34591
34592
34596
34598
34712
34715
34716
34718
34721
34725
34726
34729
34751
34752
34756
34758
34759
34761
34762
34765
34768
34769
34781
34785
34786
34789
34812
34815
34816
34817
34851
34852
34856
34857
34859
34861
34862
34865
34867
34869
34871
34872
34875
34876
34879
34892
34895
34896
34897
34921
34925
34926
34927
34951
34952
34956
34957
34958
34961
34962
34965
34967
34968
34981
34985
34986
34987
35124
35126
35127
35128
35129
35142
35146
35147
35148
35149
35162
35164
35167
35168
35169
35182
35184
35186
35187
35189
35192
35194
35196
35198
35214
35216
35218
35219
35241
35246
35247
35248
35249
35261
35264
35267
35268
35269
35274
35276
35278
35281
35284
35286
35287
35289
35291
35294
35296
35298
35412
35416
35417
35418
35419
35421
35426
35427
35428
35429
35461
35462
35467
35468
35469
35471
35472
35476
35478
35481
35482
35486
35487
35489
35491
35492
35496
35498
35612
35614
35618
35619
35621
35624
35627
35628
35629
35641
35642
35647
35648
35649
35672
35674
35678
35681
35682
35684
35687
35689
35691
35692
35694
35698
35721
35724
35726
35728
35729
35741
35742
35746
35748
35749
35761
35762
35764
35768
35769
35781
35782
35784
35786
35789
35812
35814
35816
35819
35821
35824
35826
35827
35829
35841
35842
35846
35847
35849
35861
35862
35864
35867
35869
35872
35874
35876
35879
35891
35892
35894
35896
35897
35912
35914
35916
35918
35921
35924
35926
35927
35928
35941
35942
35946
35947
35948
35961
35962
35964
35967
35968
35981
35982
35984
35986
35987
36124
36125
36127
36129
36142
36145
36147
36148
36149
36152
36154
36157
36158
36159
36184
36185
36187
36189
36214
36215
36218
36241
36245
36247
36248
36249
36251
36254
36257
36258
36259
36274
36275
36278
36294
36295
36298
36512
36514
36518
36519
36521
36524
36527
36528
36529
36541
36542
36547
36548
36549
36572
36574
36578
36581
36582
36584
36587
36589
36591
36592
36594
36598
36721
36724
36725
36729
36741
36742
36745
36748
36749
36751
36752
36754
36758
36759
36781
36784
36785
36789
36812
36814
36815
36841
36842
36845
36847
36849
36851
36852
36854
36857
36859
36872
36874
36875
36879
36892
36894
36895
36897
36921
36924
36925
36927
36941
36942
36945
36947
36948
36951
36952
36954
36957
36958
36981
36984
36985
36987
38124
38125
38126
38127
38129
38142
38145
38147
38149
38152
38154
38156
38157
38159
38162
38165
38167
38169
38412
38415
38416
38417
38421
38425
38426
38427
38429
38451
38452
38456
38457
38459
38471
38472
38475
38476
38479
38492
38495
38496
38497
38512
38514
38516
38519
38521
38524
38526
38527
38529
38541
38542
38546
38547
38549
38561
38562
38564
38567
38569
38572
38574
38576
38579
38591
38592
38594
38596
38597
38612
38614
38615
38621
38624
38625
38627
38629
38651
38652
38654
38657
38659
38672
38674
38675
38679
38692
38694
38695
38697
38721
38724
38725
38726
38729
38741
38742
38745
38749
38751
38752
38754
38756
38759
38761
38762
38765
38769
38792
38794
38795
38796
38921
38924
38925
38926
38927
38941
38942
38945
38947
38951
38952
38954
38956
38957
38961
38962
38965
38967
38972
38974
38975
38976
41235
41236
41238
41253
41256
41257
41258
41259
41263
41265
41267
41268
41269
41275
41276
41278
41295
41296
41298
41523
41526
41527
41528
41529
41532
41536
41537
41538
41562
41563
41567
41568
41569
41572
41573
41576
41578
41582
41583
41586
41587
41589
41592
41596
41598
41623
41625
41627
41629
41632
41635
41638
41639
41652
41653
41657
41658
41659
41672
41675
41678
41683
41685
41687
41689
41692
41693
41695
41698
41723
41725
41726
41729
41752
41753
41756
41758
41759
41762
41763
41765
41768
41769
41783
41785
41786
41789
41832
41835
41836
41852
41853
41856
41857
41859
41862
41863
41865
41867
41869
41872
41875
41876
41879
41892
41895
41896
41897
42135
42136
42138
42153
42156
42157
42158
42159
42163
42165
42167
42168
42169
42175
42176
42178
42183
42185
42186
42187
42189
42315
42316
42317
42318
42351
42356
42357
42358
42359
42361
42365
42367
42368
42369
42381
42385
42386
42387
42389
42513
42516
42517
42518
42519
42531
42536
42537
42538
42561
42563
42567
42568
42569
42571
42573
42576
42578
42581
42583
42586
42587
42589
42591
42596
42598
42613
42615
42617
42618
42631
42635
42638
42639
42651
42653
42657
42658
42659
42671
42675
42678
42681
42683
42685
42687
42689
42693
42695
42698
42713
42715
42716
42718
42751
42753
42756
42758
42759
42761
42763
42765
42768
42769
42781
42783
42785
42786
42789
42951
42953
42956
42957
42958
42961
42963
42965
42967
42968
42981
42983
42985
42986
42987
43215
43216
43217
43218
43251
43256
43257
43258
43259
43261
43265
43267
43268
43269
43271
43275
43276
43278
43295
43296
43298
43512
43516
43517
43518
43519
43521
43526
43527
43528
43529
43561
43562
43567
43568
43569
43571
43572
43576
43578
43581
43582
43586
43587
43589
43591
43592
43596
43598
43612
43615
43617
43618
43621
43625
43627
43629
43651
43652
43657
43658
43659
43671
43672
43675
43678
43681
43685
43687
43689
43692
43695
43698
43812
43815
43816
43817
43851
43852
43856
43857
43859
43861
43862
43865
43867
43869
43871
43872
43875
43876
43879
43892
43895
43896
43897
45123
45126
45127
45128
45129
45162
45163
45167
45168
45169
45172
45173
45176
45178
45182
45183
45186
45187
45189
45192
45196
45198
45213
45216
45217
45218
45219
45231
45236
45237
45238
45261
45263
45267
45268
45269
45271
45273
45276
45278
45281
45283
45286
45287
45289
45291
45296
45298
45321
45326
45327
45328
45329
45361
45362
45367
45368
45369
45371
45372
45376
45378
45381
45382
45386
45387
45389
45612
45617
45618
45619
45621
45623
45627
45628
45629
45632
45637
45638
45639
45671
45672
45673
45678
45681
45682
45683
45687
45689
45691
45692
45693
45698
45712
45716
45718
45719
45721
45723
45726
45728
45729
45732
45736
45738
45761
45762
45763
45768
45769
45781
45782
45783
45786
45789
45812
45816
45817
45819
45821
45823
45826
45827
45829
45832
45836
45837
45861
45862
45863
45867
45869
45871
45872
45873
45876
45879
45891
45892
45896
45897
45912
45916
45917
45918
45921
45923
45926
45927
45928
45961
45962
45963
45967
45968
45981
45982
45983
45986
45987
47123
47125
47126
47129
47152
47153
47156
47158
47159
47162
47163
47165
47168
47169
47183
47185
47186
47189
47213
47215
47216
47218
47231
47235
47236
47238
47251
47253
47256
47258
47259
47261
47263
47265
47268
47269
47295
47296
47298
47512
47516
47518
47519
47521
47523
47526
47528
47529
47532
47536
47538
47561
47562
47563
47568
47569
47581
47582
47583
47586
47589
47591
47592
47596
47598
47612
47615
47618
47621
47623
47625
47629
47632
47635
47638
47639
47651
47652
47653
47658
47659
47681
47683
47685
47689
47692
47693
47695
47698
47812
47815
47816
47832
47835
47836
47851
47852
47853
47856
47859
47861
47862
47863
47865
47869
47892
47895
47896
48123
48125
48126
48127
48129
48152
48153
48156
48157
48159
48162
48163
48165
48167
48169
48172
48175
48176
48179
48321
48325
48326
48327
48329
48351
48352
48356
48357
48359
48361
48362
48365
48367
48369
48512
48516
48517
48519
48521
48523
48526
48527
48529
48532
48536
48537
48561
48562
48563
48567
48569
48571
48572
48573
48576
48579
48591
48592
48596
48597
48612
48615
48617
48621
48623
48625
48627
48629
48632
48635
48639
48651
48652
48653
48657
48659
48671
48672
48675
48679
48692
48693
48695
48697
48712
48715
48716
48721
48723
48725
48726
48729
48751
48752
48753
48756
48759
48761
48762
48763
48765
48769
48792
48795
48796
48921
48923
48925
48926
48927
48951
48952
48953
48956
48957
48961
48962
48963
48965
48967
48971
48972
48975
48976
49213
49215
49216
49217
49218
49231
49235
49236
49238
49251
49253
49256
49257
49258
49261
49263
49265
49267
49268
49271
49275
49276
49278
49512
49516
49517
49518
49521
49523
49526
49527
49528
49532
49536
49537
49538
49561
49562
49563
49567
49568
49571
49572
49573
49576
49578
49581
49582
49583
49586
49587
49612
49615
49617
49618
49621
49623
49625
49627
49632
49635
49638
49651
49652
49653
49657
49658
49671
49672
49675
49678
49681
49683
49685
49687
49812
49815
49816
49817
49832
49835
49836
49851
49852
49853
49856
49857
49861
49862
49863
49865
49867
49871
49872
49875
49876
51234
51236
51237
51238
51243
51246
51247
51248
51249
51263
51264
51267
51268
51269
51273
51274
51276
51278
51283
51284
51286
51287
51289
51294
51296
51298
51423
51426
51427
51428
51429
51432
51436
51437
51438
51462
51463
51467
51468
51469
51472
51473
51476
51478
51482
51483
51486
51487
51489
51492
51496
51498
51623
51624
51627
51628
51629
51632
51634
51637
51638
51639
51642
51643
51647
51648
51649
51672
51673
51674
51678
51682
51683
51684
51687
51689
51692
51693
51694
51698
51823
51824
51826
51827
51829
51832
51834
51836
51837
51842
51843
51846
51847
51849
51862
51863
51864
51867
51869
51872
51873
51874
51876
51879
51892
51894
51896
51897
51923
51924
51926
51927
51928
51942
51943
51946
51947
51948
51962
51963
51964
51967
51968
51982
51983
51984
51986
51987
52134
52136
52137
52138
52143
52146
52147
52148
52149
52163
52164
52167
52168
52169
52183
52184
52186
52187
52189
52194
52196
52198
52314
52316
52318
52319
52341
52346
52347
52348
52349
52361
52364
52367
52368
52369
52374
52376
52378
52381
52384
52386
52387
52389
52413
52416
52417
52418
52419
52431
52436
52437
52438
52461
52463
52467
52468
52469
52471
52473
52476
52478
52481
52483
52486
52487
52489
52491
52496
52498
52613
52614
52618
52619
52631
52634
52637
52638
52639
52641
52643
52647
52648
52649
52673
52674
52678
52681
52683
52684
52687
52689
52691
52693
52694
52698
52731
52734
52736
52738
52741
52743
52746
52748
52749
52761
52763
52764
52768
52769
52781
52783
52784
52786
52789
52813
52814
52816
52819
52831
52834
52836
52837
52841
52843
52846
52847
52849
52861
52863
52864
52867
52869
52873
52874
52876
52879
52891
52894
52896
52897
52913
52914
52916
52918
52941
52943
52946
52947
52948
52961
52963
52964
52967
52968
52981
52983
52984
52986
52987
53214
53216
53218
53219
53241
53246
53247
53248
53249
53261
53264
53267
53268
53269
53274
53276
53278
53281
53284
53286
53287
53289
53291
53294
53296
53298
53412
53416
53417
53418
53419
53421
53426
53427
53428
53429
53461
53462
53467
53468
53469
53471
53472
53476
53478
53481
53482
53486
53487
53489
53491
53492
53496
53498
53612
53614
53618
53619
53621
53624
53627
53628
53629
53641
53642
53647
53648
53649
53672
53674
53678
53681
53682
53684
53687
53689
53691
53692
53694
53698
53721
53724
53726
53728
53729
53741
53742
53746
53748
53749
53761
53762
53764
53768
53769
53781
53782
53784
53786
53789
53812
53814
53816
53819
53821
53824
53826
53827
53829
53841
53842
53846
53847
53849
53861
53862
53864
53867
53869
53872
53874
53876
53879
53891
53892
53894
53896
53897
54123
54126
54127
54128
54129
54162
54163
54167
54168
54169
54172
54173
54176
54178
54182
54183
54186
54187
54189
54192
54196
54198
54213
54216
54217
54218
54219
54231
54236
54237
54238
54261
54263
54267
54268
54269
54271
54273
54276
54278
54281
54283
54286
54287
54289
54291
54296
54298
54321
54326
54327
54328
54329
54361
54362
54367
54368
54369
54371
54372
54376
54378
54381
54382
54386
54387
54389
54612
54617
54618
54619
54621
54623
54627
54628
54629
54632
54637
54638
54639
54671
54672
54673
54678
54681
54682
54683
54687
54689
54691
54692
54693
54698
54712
54716
54718
54719
54721
54723
54726
54728
54729
54732
54736
54738
54761
54762
54763
54768
54769
54781
54782
54783
54786
54789
54812
54816
54817
54819
54821
54823
54826
54827
54829
54832
54836
54837
54861
54862
54863
54867
54869
54871
54872
54873
54876
54879
54891
54892
54896
54897
54912
54916
54917
54918
54921
54923
54926
54927
54928
54961
54962
54963
54967
54968
54981
54982
54983
54986
54987
56123
56124
56127
56128
56129
56142
56143
56147
56148
56149
56182
56183
56184
56187
56189
56192
56193
56194
56198
56213
56214
56218
56219
56231
56234
56237
56238
56239
56241
56243
56247
56248
56249
56273
56274
56278
56281
56283
56284
56287
56289
56291
56293
56294
56298
56321
56324
56327
56328
56329
56341
56342
56347
56348
56349
56372
56374
56378
56381
56382
56384
56387
56389
56391
56392
56394
56398
56412
56417
56418
56419
56421
56423
56427
56428
56429
56432
56437
56438
56439
56471
56472
56473
56478
56481
56482
56483
56487
56489
56491
56492
56493
56498
56721
56723
56724
56728
56729
56732
56734
56738
56739
56741
56742
56743
56748
56749
56781
56782
56783
56784
56789
56812
56814
56819
56821
56823
56824
56827
56829
56832
56834
56837
56839
56841
56842
56843
56847
56849
56872
56873
56874
56879
56891
56892
56893
56894
56897
56912
56914
56918
56921
56923
56924
56927
56928
56932
56934
56937
56938
56941
56942
56943
56947
56948
56981
56982
56983
56984
56987
57213
57214
57216
57218
57219
57231
57234
57236
57238
57241
57243
57246
57248
57249
57261
57263
57264
57268
57269
57281
57283
57284
57286
57289
57291
57294
57296
57298
57321
57324
57326
57328
57329
57341
57342
57346
57348
57349
57361
57362
57364
57368
57369
57381
57382
57384
57386
57389
57412
57416
57418
57419
57421
57423
57426
57428
57429
57432
57436
57438
57461
57462
57463
57468
57469
57481
57482
57483
57486
57489
57491
57492
57496
57498
57612
57614
57618
57619
57621
57623
57624
57628
57629
57632
57634
57638
57639
57641
57642
57643
57648
57649
57681
57682
57683
57684
57689
57691
57692
57693
57694
57698
57812
57814
57816
57819
57821
57823
57824
57826
57829
57832
57834
57836
57841
57842
57843
57846
57849
57861
57862
57863
57864
57869
57891
57892
57894
57896
58123
58124
58126
58127
58129
58142
58143
58146
58147
58149
58162
58163
58164
58167
58169
58192
58194
58196
58197
58213
58214
58216
58219
58231
58234
58236
58237
58241
58243
58246
58247
58249
58261
58263
58264
58267
58269
58273
58274
58276
58279
58291
58294
58296
58297
58321
58324
58326
58327
58329
58341
58342
58346
58347
58349
58361
58362
58364
58367
58369
58372
58374
58376
58379
58412
58416
58417
58419
58421
58423
58426
58427
58429
58432
58436
58437
58461
58462
58463
58467
58469
58471
58472
58473
58476
58479
58491
58492
58496
58497
58612
58614
58619
58621
58623
58624
58627
58629
58632
58634
58637
58639
58641
58642
58643
58647
58649
58672
58673
58674
58679
58691
58692
58693
58694
58697
58721
58723
58724
58726
58729
58732
58734
58736
58741
58742
58743
58746
58749
58761
58762
58763
58764
58769
58791
58792
58794
58796
58912
58914
58916
58921
58923
58924
58926
58927
58941
58942
58943
58946
58947
58961
58962
58963
58964
58967
58972
58973
58974
58976
59123
59124
59126
59127
59128
59142
59143
59146
59147
59148
59162
59163
59164
59167
59168
59182
59183
59184
59186
59187
59213
59214
59216
59218
59231
59234
59236
59237
59238
59241
59243
59246
59247
59248
59261
59263
59264
59267
59268
59273
59274
59276
59278
59281
59283
59284
59286
59287
59412
59416
59417
59418
59421
59423
59426
59427
59428
59432
59436
59437
59438
59461
59462
59463
59467
59468
59471
59472
59473
59476
59478
59481
59482
59483
59486
59487
59612
59614
59618
59621
59623
59624
59627
59628
59632
59634
59637
59638
59641
59642
59643
59647
59648
59672
59673
59674
59678
59681
59682
59683
59684
59687
59812
59814
59816
59821
59823
59824
59826
59827
59832
59834
59836
59837
59841
59842
59843
59846
59847
59861
59862
59863
59864
59867
59872
59873
59874
59876
61234
61235
61238
61239
61243
61245
61247
61248
61249
61253
61254
61257
61258
61259
61274
61275
61278
61293
61294
61295
61298
61423
61425
61427
61429
61432
61435
61438
61439
61452
61453
61457
61458
61459
61472
61475
61478
61483
61485
61487
61489
61492
61493
61495
61498
61523
61524
61527
61528
61529
61532
61534
61537
61538
61539
61542
61543
61547
61548
61549
61572
61573
61574
61578
61582
61583
61584
61587
61589
61592
61593
61594
61598
61832
61834
61835
61839
61842
61843
61845
61847
61849
61852
61853
61854
61857
61859
61872
61874
61875
61879
61892
61893
61894
61895
61897
62134
62135
62138
62139
62143
62145
62147
62148
62149
62153
62154
62157
62158
62159
62183
62184
62185
62187
62189
62314
62315
62318
62341
62345
62347
62348
62349
62351
62354
62357
62358
62359
62381
62384
62385
62387
62389
62394
62395
62398
62413
62415
62417
62418
62431
62435
62438
62439
62451
62453
62457
62458
62459
62471
62475
62478
62481
62483
62485
62487
62489
62493
62495
62498
62513
62514
62518
62519
62531
62534
62537
62538
62539
62541
62543
62547
62548
62549
62573
62574
62578
62581
62583
62584
62587
62589
62591
62593
62594
62598
62741
62743
62745
62748
62749
62751
62753
62754
62758
62759
62781
62783
62784
62785
62789
62931
62934
62935
62938
62941
62943
62945
62947
62948
62951
62953
62954
62957
62958
62981
62983
62984
62985
62987
63214
63215
63218
63241
63245
63247
63248
63249
63251
63254
63257
63258
63259
63274
63275
63278
63294
63295
63298
63412
63415
63417
63418
63421
63425
63427
63429
63451
63452
63457
63458
63459
63471
63472
63475
63478
63481
63485
63487
63489
63492
63495
63498
63512
63514
63518
63519
63521
63524
63527
63528
63529
63541
63542
63547
63548
63549
63572
63574
63578
63581
63582
63584
63587
63589
63591
63592
63594
63598
63812
63814
63815
63841
63842
63845
63847
63849
63851
63852
63854
63857
63859
63872
63874
63875
63879
63892
63894
63895
63897
63921
63924
63925
63927
63941
63942
63945
63947
63948
63951
63952
63954
63957
63958
63981
63984
63985
63987
65123
65124
65127
65128
65129
65142
65143
65147
65148
65149
65182
65183
65184
65187
65189
65192
65193
65194
65198
65213
65214
65218
65219
65231
65234
65237
65238
65239
65241
65243
65247
65248
65249
65273
65274
65278
65281
65283
65284
65287
65289
65291
65293
65294
65298
65321
65324
65327
65328
65329
65341
65342
65347
65348
65349
65372
65374
65378
65381
65382
65384
65387
65389
65391
65392
65394
65398
65412
65417
65418
65419
65421
65423
65427
65428
65429
65432
65437
65438
65439
65471
65472
65473
65478
65481
65482
65483
65487
65489
65491
65492
65493
65498
65721
65723
65724
65728
65729
65732
65734
65738
65739
65741
65742
65743
65748
65749
65781
65782
65783
65784
65789
65812
65814
65819
65821
65823
65824
65827
65829
65832
65834
65837
65839
65841
65842
65843
65847
65849
65872
65873
65874
65879
65891
65892
65893
65894
65897
65912
65914
65918
65921
65923
65924
65927
65928
65932
65934
65937
65938
65941
65942
65943
65947
65948
65981
65982
65983
65984
65987
67213
67214
67215
67218
67231
67234
67235
67238
67239
67241
67243
67245
67248
67249
67251
67253
67254
67258
67259
67293
67294
67295
67298
67412
67415
67418
67421
67423
67425
67429
67432
67435
67438
67439
67451
67452
67453
67458
67459
67481
67483
67485
67489
67492
67493
67495
67498
67512
67514
67518
67519
67521
67523
67524
67528
67529
67532
67534
67538
67539
67541
67542
67543
67548
67549
67581
67582
67583
67584
67589
67591
67592
67593
67594
67598
67812
67814
67815
67832
67834
67835
67839
67841
67842
67843
67845
67849
67851
67852
67853
67854
67859
67892
67893
67894
67895
68123
68124
68125
68127
68129
68142
68143
68145
68147
68149
68152
68153
68154
68157
68159
68321
68324
68325
68327
68329
68341
68342
68345
68347
68349
68351
68352
68354
68357
68359
68392
68394
68395
68397
68412
68415
68417
68421
68423
68425
68427
68429
68432
68435
68439
68451
68452
68453
68457
68459
68471
68472
68475
68479
68492
68493
68495
68497
68512
68514
68519
68521
68523
68524
68527
68529
68532
68534
68537
68539
68541
68542
68543
68547
68549
68572
68573
68574
68579
68591
68592
68593
68594
68597
68721
68723
68724
68725
68729
68741
68742
68743
68745
68749
68751
68752
68753
68754
68759
68792
68793
68794
68795
68921
68923
68924
68925
68927
68932
68934
68935
68941
68942
68943
68945
68947
68951
68952
68953
68954
68957
68972
68974
68975
69213
69214
69215
69218
69231
69234
69235
69238
69241
69243
69245
69247
69248
69251
69253
69254
69257
69258
69274
69275
69278
69321
69324
69325
69327
69341
69342
69345
69347
69348
69351
69352
69354
69357
69358
69381
69384
69385
69387
69412
69415
69417
69418
69421
69423
69425
69427
69432
69435
69438
69451
69452
69453
69457
69458
69471
69472
69475
69478
69481
69483
69485
69487
69512
69514
69518
69521
69523
69524
69527
69528
69532
69534
69537
69538
69541
69542
69543
69547
69548
69572
69573
69574
69578
69581
69582
69583
69584
69587
69812
69814
69815
69832
69834
69835
69841
69842
69843
69845
69847
69851
69852
69853
69854
69857
69872
69874
69875
72134
72135
72136
72138
72143
72145
72148
72149
72153
72154
72156
72158
72159
72163
72165
72168
72169
72183
72184
72185
72186
72189
72314
72315
72316
72318
72341
72345
72348
72349
72351
72354
72356
72358
72359
72361
72365
72368
72369
72381
72384
72385
72386
72389
72413
72415
72416
72418
72431
72435
72436
72438
72451
72453
72456
72458
72459
72481
72483
72485
72486
72489
72495
72496
72498
72513
72514
72516
72518
72519
72531
72534
72536
72538
72541
72543
72546
72548
72549
72561
72563
72564
72568
72569
72581
72583
72584
72586
72589
72591
72594
72596
72598
72613
72614
72615
72618
72631
72634
72635
72638
72639
72651
72653
72654
72658
72659
72681
72683
72684
72685
72689
72693
72694
72695
72698
72941
72943
72945
72948
72951
72953
72954
72956
72958
72961
72963
72965
72968
72981
72983
72984
72985
72986
74123
74125
74126
74129
74152
74153
74156
74158
74159
74162
74163
74165
74168
74169
74183
74185
74186
74189
74213
74215
74216
74218
74231
74235
74236
74238
74251
74253
74256
74258
74259
74261
74263
74265
74268
74269
74295
74296
74298
74321
74325
74326
74329
74351
74352
74356
74358
74359
74361
74362
74365
74368
74369
74381
74385
74386
74389
74512
74516
74518
74519
74521
74523
74526
74528
74529
74532
74536
74538
74561
74562
74563
74568
74569
74581
74582
74583
74586
74589
74591
74592
74596
74598
74812
74815
74816
74832
74835
74836
74851
74852
74853
74856
74859
74861
74862
74863
74865
74869
74892
74895
74896
74921
74923
74925
74926
74951
74952
74953
74956
74958
74961
74962
74963
74965
74968
74981
74983
74985
74986
75123
75124
75126
75128
75129
75142
75143
75146
75148
75149
75162
75163
75164
75168
75169
75182
75183
75184
75186
75189
75192
75194
75196
75198
75213
75214
75216
75218
75219
75231
75234
75236
75238
75241
75243
75246
75248
75249
75261
75263
75264
75268
75269
75281
75283
75284
75286
75289
75291
75294
75296
75298
75321
75324
75326
75328
75329
75341
75342
75346
75348
75349
75361
75362
75364
75368
75369
75381
75382
75384
75386
75389
75412
75416
75418
75419
75421
75423
75426
75428
75429
75432
75436
75438
75461
75462
75463
75468
75469
75481
75482
75483
75486
75489
75491
75492
75496
75498
75612
75614
75618
75619
75621
75623
75624
75628
75629
75632
75634
75638
75639
75641
75642
75643
75648
75649
75681
75682
75683
75684
75689
75691
75692
75693
75694
75698
75812
75814
75816
75819
75821
75823
75824
75826
75829
75832
75834
75836
75841
75842
75843
75846
75849
75861
75862
75863
75864
75869
75891
75892
75894
75896
75912
75914
75916
75918
75921
75923
75924
75926
75928
75941
75942
75943
75946
75948
75961
75962
75963
75964
75968
75981
75982
75983
75984
75986
76123
76124
76125
76129
76142
76143
76145
76148
76149
76152
76153
76154
76158
76159
76183
76184
76185
76189
76213
76214
76215
76218
76231
76234
76235
76238
76239
76241
76243
76245
76248
76249
76251
76253
76254
76258
76259
76293
76294
76295
76298
76321
76324
76325
76329
76341
76342
76345
76348
76349
76351
76352
76354
76358
76359
76381
76384
76385
76389
76392
76394
76395
76398
76512
76514
76518
76519
76521
76523
76524
76528
76529
76532
76534
76538
76539
76541
76542
76543
76548
76549
76581
76582
76583
76584
76589
76591
76592
76593
76594
76598
76812
76814
76815
76832
76834
76835
76839
76841
76842
76843
76845
76849
76851
76852
76853
76854
76859
76892
76893
76894
76895
76921
76923
76924
76925
76932
76934
76935
76938
76941
76942
76943
76945
76948
76951
76952
76953
76954
76958
76981
76983
76984
76985
78123
78124
78125
78126
78129
78142
78143
78145
78149
78152
78153
78154
78156
78159
78162
78163
78165
78169
78321
78324
78325
78326
78329
78341
78342
78345
78349
78351
78352
78354
78356
78359
78361
78362
78365
78369
78412
78415
78416
78421
78423
78425
78426
78429
78432
78435
78436
78451
78452
78453
78456
78459
78492
78495
78496
78512
78514
78516
78519
78521
78523
78524
78526
78529
78532
78534
78536
78541
78542
78543
78546
78549
78561
78562
78563
78564
78569
78591
78592
78594
78596
78612
78614
78615
78621
78623
78624
78625
78629
78632
78634
78635
78639
78651
78652
78653
78654
78659
78692
78693
78694
78695
78921
78923
78924
78925
78926
78941
78942
78943
78945
78951
78952
78953
78954
78956
78961
78962
78963
78965
81234
81235
81236
81243
81245
81247
81249
81253
81254
81256
81257
81259
81263
81265
81267
81269
81274
81275
81276
81279
81294
81295
81296
81297
81423
81425
81426
81427
81429
81432
81435
81436
81452
81453
81456
81457
81459
81472
81475
81476
81479
81492
81495
81496
81497
81523
81524
81526
81527
81529
81532
81534
81536
81537
81542
81543
81546
81547
81549
81562
81563
81564
81567
81569
81572
81573
81574
81576
81579
81592
81594
81596
81597
81623
81624
81625
81627
81629
81632
81634
81635
81639
81652
81653
81654
81657
81659
81672
81674
81675
81679
81692
81693
81694
81695
81697
83214
83215
83216
83241
83245
83247
83249
83251
83254
83256
83257
83259
83261
83265
83267
83269
83274
83275
83276
83279
83294
83295
83296
83297
83412
83415
83416
83417
83421
83425
83426
83427
83429
83451
83452
83456
83457
83459
83471
83472
83475
83476
83479
83492
83495
83496
83497
83512
83514
83516
83519
83521
83524
83526
83527
83529
83541
83542
83546
83547
83549
83561
83562
83564
83567
83569
83572
83574
83576
83579
83591
83592
83594
83596
83597
83612
83614
83615
83621
83624
83625
83627
83629
83651
83652
83654
83657
83659
83672
83674
83675
83679
83692
83694
83695
83697
84123
84125
84126
84127
84129
84152
84153
84156
84157
84159
84162
84163
84165
84167
84169
84172
84175
84176
84179
84213
84215
84216
84217
84231
84235
84236
84251
84253
84256
84257
84259
84261
84263
84265
84267
84269
84271
84275
84276
84279
84295
84296
84297
84321
84325
84326
84327
84329
84351
84352
84356
84357
84359
84361
84362
84365
84367
84369
84512
84516
84517
84519
84521
84523
84526
84527
84529
84532
84536
84537
84561
84562
84563
84567
84569
84571
84572
84573
84576
84579
84591
84592
84596
84597
84712
84715
84716
84721
84723
84725
84726
84729
84751
84752
84753
84756
84759
84761
84762
84763
84765
84769
84792
84795
84796
84921
84923
84925
84926
84927
84951
84952
84953
84956
84957
84961
84962
84963
84965
84967
84971
84972
84975
84976
85123
85124
85126
85127
85129
85142
85143
85146
85147
85149
85162
85163
85164
85167
85169
85192
85194
85196
85197
85213
85214
85216
85219
85231
85234
85236
85237
85241
85243
85246
85247
85249
85261
85263
85264
85267
85269
85273
85274
85276
85279
85291
85294
85296
85297
85321
85324
85326
85327
85329
85341
85342
85346
85347
85349
85361
85362
85364
85367
85369
85372
85374
85376
85379
85412
85416
85417
85419
85421
85423
85426
85427
85429
85432
85436
85437
85461
85462
85463
85467
85469
85471
85472
85473
85476
85479
85491
85492
85496
85497
85612
85614
85619
85621
85623
85624
85627
85629
85632
85634
85637
85639
85641
85642
85643
85647
85649
85672
85673
85674
85679
85691
85692
85693
85694
85697
85721
85723
85724
85726
85729
85732
85734
85736
85741
85742
85743
85746
85749
85761
85762
85763
85764
85769
85791
85792
85794
85796
85912
85914
85916
85921
85923
85924
85926
85927
85941
85942
85943
85946
85947
85961
85962
85963
85964
85967
85972
85973
85974
85976
86123
86124
86125
86127
86129
86142
86143
86145
86147
86149
86152
86153
86154
86157
86159
86213
86214
86215
86231
86234
86235
86239
86241
86243
86245
86247
86249
86251
86253
86254
86257
86259
86274
86275
86279
86293
86294
86295
86297
86321
86324
86325
86327
86329
86341
86342
86345
86347
86349
86351
86352
86354
86357
86359
86392
86394
86395
86397
86512
86514
86519
86521
86523
86524
86527
86529
86532
86534
86537
86539
86541
86542
86543
86547
86549
86572
86573
86574
86579
86591
86592
86593
86594
86597
86721
86723
86724
86725
86729
86741
86742
86743
86745
86749
86751
86752
86753
86754
86759
86792
86793
86794
86795
86921
86923
86924
86925
86927
86932
86934
86935
86941
86942
86943
86945
86947
86951
86952
86953
86954
86957
86972
86974
86975
87213
87214
87215
87216
87231
87234
87235
87236
87241
87243
87245
87249
87251
87253
87254
87256
87259
87261
87263
87265
87269
87294
87295
87296
87412
87415
87416
87421
87423
87425
87426
87429
87432
87435
87436
87451
87452
87453
87456
87459
87492
87495
87496
87512
87514
87516
87519
87521
87523
87524
87526
87529
87532
87534
87536
87541
87542
87543
87546
87549
87561
87562
87563
87564
87569
87591
87592
87594
87596
87612
87614
87615
87621
87623
87624
87625
87629
87632
87634
87635
87639
87651
87652
87653
87654
87659
87692
87693
87694
87695
87921
87923
87924
87925
87926
87941
87942
87943
87945
87951
87952
87953
87954
87956
87961
87962
87963
87965
89213
89214
89215
89216
89231
89234
89235
89236
89241
89243
89245
89247
89251
89253
89254
89256
89257
89261
89263
89265
89267
89274
89275
89276
89412
89415
89416
89417
89421
89423
89425
89426
89427
89432
89435
89436
89451
89452
89453
89456
89457
89471
89472
89475
89476
89512
89514
89516
89521
89523
89524
89526
89527
89532
89534
89536
89537
89541
89542
89543
89546
89547
89561
89562
89563
89564
89567
89572
89573
89574
89576
89612
89614
89615
89621
89623
89624
89625
89627
89632
89634
89635
89651
89652
89653
89654
89657
89672
89674
89675
89721
89723
89724
89725
89726
89741
89742
89743
89745
89751
89752
89753
89754
89756
89761
89762
89763
89765
92134
92135
92136
92138
92143
92145
92147
92148
92153
92154
92156
92157
92158
92163
92165
92167
92168
92183
92184
92185
92186
92187
92314
92315
92316
92318
92341
92345
92347
92348
92351
92354
92356
92357
92358
92361
92365
92367
92368
92381
92384
92385
92386
92387
92413
92415
92416
92417
92418
92431
92435
92436
92438
92451
92453
92456
92457
92458
92471
92475
92476
92478
92481
92483
92485
92486
92487
92513
92514
92516
92518
92531
92534
92536
92537
92538
92541
92543
92546
92547
92548
92561
92563
92564
92567
92568
92573
92574
92576
92578
92581
92583
92584
92586
92587
92613
92614
92615
92618
92631
92634
92635
92638
92651
92653
92654
92657
92658
92674
92675
92678
92681
92683
92684
92685
92687
92741
92743
92745
92748
92751
92753
92754
92756
92758
92761
92763
92765
92768
92781
92783
92784
92785
92786
94123
94125
94126
94127
94152
94153
94156
94157
94158
94162
94163
94165
94167
94168
94172
94175
94176
94178
94183
94185
94186
94187
94213
94215
94216
94217
94218
94231
94235
94236
94238
94251
94253
94256
94257
94258
94261
94263
94265
94267
94268
94271
94275
94276
94278
94321
94325
94326
94327
94351
94352
94356
94357
94358
94361
94362
94365
94367
94368
94381
94385
94386
94387
94512
94516
94517
94518
94521
94523
94526
94527
94528
94532
94536
94537
94538
94561
94562
94563
94567
94568
94571
94572
94573
94576
94578
94581
94582
94583
94586
94587
94712
94715
94716
94718
94721
94723
94725
94726
94751
94752
94753
94756
94758
94761
94762
94763
94765
94768
94781
94783
94785
94786
94812
94815
94816
94817
94832
94835
94836
94851
94852
94853
94856
94857
94861
94862
94863
94865
94867
94871
94872
94875
94876
95123
95124
95126
95127
95128
95142
95143
95146
95147
95148
95162
95163
95164
95167
95168
95182
95183
95184
95186
95187
95213
95214
95216
95218
95231
95234
95236
95237
95238
95241
95243
95246
95247
95248
95261
95263
95264
95267
95268
95273
95274
95276
95278
95281
95283
95284
95286
95287
95321
95324
95326
95327
95328
95341
95342
95346
95347
95348
95361
95362
95364
95367
95368
95372
95374
95376
95378
95381
95382
95384
95386
95387
95412
95416
95417
95418
95421
95423
95426
95427
95428
95432
95436
95437
95438
95461
95462
95463
95467
95468
95471
95472
95473
95476
95478
95481
95482
95483
95486
95487
95612
95614
95618
95621
95623
95624
95627
95628
95632
95634
95637
95638
95641
95642
95643
95647
95648
95672
95673
95674
95678
95681
95682
95683
95684
95687
95721
95723
95724
95726
95728
95732
95734
95736
95738
95741
95742
95743
95746
95748
95761
95762
95763
95764
95768
95781
95782
95783
95784
95786
95812
95814
95816
95821
95823
95824
95826
95827
95832
95834
95836
95837
95841
95842
95843
95846
95847
95861
95862
95863
95864
95867
95872
95873
95874
95876
96123
96124
96125
96127
96142
96143
96145
96147
96148
96152
96153
96154
96157
96158
96183
96184
96185
96187
96213
96214
96215
96218
96231
96234
96235
96238
96241
96243
96245
96247
96248
96251
96253
96254
96257
96258
96274
96275
96278
96321
96324
96325
96327
96341
96342
96345
96347
96348
96351
96352
96354
96357
96358
96381
96384
96385
96387
96512
96514
96518
96521
96523
96524
96527
96528
96532
96534
96537
96538
96541
96542
96543
96547
96548
96572
96573
96574
96578
96581
96582
96583
96584
96587
96721
96723
96724
96725
96741
96742
96743
96745
96748
96751
96752
96753
96754
96758
96781
96783
96784
96785
96812
96814
96815
96832
96834
96835
96841
96842
96843
96845
96847
96851
96852
96853
96854
96857
96872
96874
96875
98123
98124
98125
98126
98127
98142
98143
98145
98147
98152
98153
98154
98156
98157
98162
98163
98165
98167
98321
98324
98325
98326
98327
98341
98342
98345
98347
98351
98352
98354
98356
98357
98361
98362
98365
98367
98412
98415
98416
98417
98421
98423
98425
98426
98427
98432
98435
98436
98451
98452
98453
98456
98457
98471
98472
98475
98476
98512
98514
98516
98521
98523
98524
98526
98527
98532
98534
98536
98537
98541
98542
98543
98546
98547
98561
98562
98563
98564
98567
98572
98573
98574
98576
98612
98614
98615
98621
98623
98624
98625
98627
98632
98634
98635
98651
98652
98653
98654
98657
98672
98674
98675
98721
98723
98724
98725
98726
98741
98742
98743
98745
98751
98752
98753
98754
98756
98761
98762
98763
98765
