12354786
12354789
12354869
12354896
12356847
12356874
12356984
12356987
12357486
12357489
12357869
12357896
12359684
12359687
12359847
12359874
12365478
12365487
12365489
12365748
12365784
12365789
12365847
12365874
12365984
12365987
12368457
12368459
12368475
12368547
12368574
12368745
12368754
12368759
12368954
12368957
12369547
12369548
12369574
12369578
12369584
12369587
12369845
12369847
12369854
12369857
12369874
12369875
12453687
12453689
12453698
12456987
12457863
12457869
12457896
12458963
12459687
12459863
12475368
12475369
12475689
12475698
12475863
12475869
12475896
12475963
12475968
12475986
12478536
12478563
12478569
12478596
12478635
12478653
12478659
12478695
12478953
12478956
12478963
12478965
12485369
12485963
12486357
12486359
12486953
12486957
12487536
12487563
12487569
12487596
12489536
12489563
12489635
12489653
12489657
12536847
12536874
12536984
12536987
12547863
12547869
12547896
12548963
12569847
12569874
12574863
12574869
12574896
12578963
12596847
12596874
12635478
12635487
12635489
12635748
12635784
12635789
12635847
12635874
12635984
12635987
12654789
12657489
12659847
12659874
12684753
12684759
12687453
12687459
12689547
12689574
12695478
12695487
12695748
12695784
12695847
12695874
12698453
12698457
12698475
12698547
12698574
12698745
12698753
12698754
14235687
14235689
14235698
14235786
14235789
14235869
14235896
14235968
14235986
14235987
14236578
14236587
14236589
14236598
14236857
14236859
14236875
14236895
14236957
14236958
14236985
14236987
14253687
14253689
14253698
14256987
14257863
14257869
14257896
14258963
14259687
14259863
14263578
14263587
14263589
14263598
14265789
14265987
14268753
14268759
14268953
14268957
14269578
14269587
14269853
14269857
14269875
14523687
14523689
14523698
14526987
14532687
14532689
14532698
14536987
14578623
14578632
14578962
14578963
14589623
14589632
14598623
14598632
14752368
14752369
14752689
14752698
14753268
14753269
14753689
14753698
14758623
14758632
14758962
14758963
14759623
14759632
14759862
14759863
14785236
14785263
14785269
14785326
14785362
14785369
14785623
14785632
14785962
14785963
14786235
14786253
14786259
14786325
14786352
14786359
14786523
14786532
14786952
14786953
14789523
14789526
14789532
14789536
14789562
14789563
14789623
14789625
14789632
14789635
14789652
14789653
14852369
14853269
14859623
14859632
14862357
14862359
14863257
14863259
14869523
14869532
14875236
14875263
14875269
14875326
14875362
14875369
14875623
14875632
14875962
14875963
14895236
14895263
14895326
14895362
14895623
14895632
14896235
14896253
14896257
14896325
14896352
14896357
14896523
14896532
15236847
15236874
15236984
15236987
15247863
15247869
15247896
15248963
15269847
15269874
15324786
15324789
15324869
15324896
15326847
15326874
15326984
15326987
15362478
15362487
15362489
15368742
15369842
15369847
15369874
15423687
15423689
15423698
15426987
15478623
15478632
15478962
15478963
15489623
15489632
15624789
15632478
15632487
15632489
15687423
15698423
15698742
15742368
15742369
15742689
15742698
15748623
15748632
15748962
15748963
15784236
15784263
15784269
15786324
15789623
15789624
15789632
15842369
15863247
15874236
15874263
15874269
15896247
15896324
15962478
15962487
15963247
15963248
15968423
15968742
15984236
15984263
15986247
15986324
15987423
15987426
21453687
21453689
21453698
21456987
21457863
21457869
21457896
21458963
21459687
21459863
21475368
21475369
21475689
21475698
21475863
21475869
21475896
21475963
21475968
21475986
21478536
21478563
21478569
21478596
21478635
21478653
21478659
21478695
21478953
21478956
21478963
21478965
21485369
21485963
21486357
21486359
21486953
21486957
21487536
21487563
21487569
21487596
21489536
21489563
21489635
21489653
21489657
21536847
21536874
21536984
21536987
21547863
21547869
21547896
21548963
21569847
21569874
21574863
21574869
21574896
21578963
21596847
21596874
23514786
23514789
23514869
23514896
23547869
23547896
23568741
23569841
23569847
23569874
23574869
23574896
23596841
23596847
23596874
23598741
23651478
23651487
23651489
23654789
23657489
23657841
23658741
23659841
23659847
23659874
23684157
23684159
23684751
23684759
23685147
23685741
23687415
23687451
23687459
23687514
23687541
23689514
23689541
23689547
23689574
23695147
23695148
23695478
23695487
23695741
23695748
23695784
23695841
23695847
23695874
23698415
23698451
23698457
23698475
23698514
23698541
23698547
23698574
23698741
23698745
23698751
23698754
24153687
24153689
24153698
24156987
24157863
24157869
24157896
24158963
24159687
24159863
24536987
24578963
24753689
24753698
24758963
24759863
24785369
24785963
24786351
24786359
24786951
24786953
24789536
24789563
24789635
24789651
24789653
24875369
24875963
24896351
24896357
25147863
25147869
25147896
25148963
25368741
25369841
25369847
25369874
25478963
25698741
25748963
25968741
26351478
26351487
26351489
26354789
26357489
26357841
26358741
26359841
26359847
26359874
26514789
26598741
26874153
26874159
26895147
26895741
26951478
26951487
26957841
26958741
26984153
26984157
26984751
26984753
26985147
26985741
26987415
26987451
26987453
26987514
26987541
32145687
32145689
32145698
32145786
32145789
32145869
32145896
32145968
32145986
32145987
32147568
32147569
32147586
32147589
32147596
32147598
32147856
32147859
32147865
32147869
32147895
32147896
32148569
32148596
32148657
32148659
32148695
32148756
32148759
32148956
32148957
32148965
32154786
32154789
32154869
32154896
32156847
32156874
32156984
32156987
32157486
32157489
32157869
32157896
32159684
32159687
32159847
32159874
32415687
32415689
32415698
32415786
32415789
32415869
32415896
32415968
32415986
32415987
32456987
32457869
32457896
32459687
32475689
32475698
32475869
32475896
32475968
32475986
32478569
32478596
32478651
32478659
32478695
32478951
32478956
32478965
32486951
32486957
32487569
32487596
32489651
32489657
32514786
32514789
32514869
32514896
32547869
32547896
32568741
32569841
32569847
32569874
32574869
32574896
32596841
32596847
32596874
32598741
32651478
32651487
32651489
32654789
32657489
32657841
32658741
32659841
32659847
32659874
32684157
32684159
32684751
32684759
32685147
32685741
32687415
32687451
32687459
32687514
32687541
32689514
32689541
32689547
32689574
32695147
32695148
32695478
32695487
32695741
32695748
32695784
32695841
32695847
32695874
32698415
32698451
32698457
32698475
32698514
32698541
32698547
32698574
32698741
32698745
32698751
32698754
35124786
35124789
35124869
35124896
35126847
35126874
35126984
35126987
35142687
35142689
35142698
35147862
35147869
35147896
35148962
35214786
35214789
35214869
35214896
35247869
35247896
35268741
35269841
35269847
35269874
35412687
35412689
35412698
35426987
35478621
35478962
35489621
35621478
35621487
35621489
35624789
35687412
35687421
35698412
35698421
35698741
35698742
35741268
35741269
35742689
35742698
35748621
35748962
35784126
35784269
35786214
35786241
35789621
35789624
35841269
35862147
35874126
35874269
35896214
35896241
35896247
35962147
35962148
35962478
35962487
35968412
35968421
35968741
35968742
35984126
35986214
35986241
35986247
35987412
35987421
35987426
36214578
36214587
36214589
36214598
36214758
36214759
36214785
36214789
36214857
36214859
36214875
36214895
36215478
36215487
36215489
36215748
36215784
36215789
36215847
36215874
36215984
36215987
36241578
36241587
36241589
36241598
36245789
36245987
36247589
36247598
36247851
36247859
36247895
36248751
36248759
36248951
36248957
36251478
36251487
36251489
36254789
36257489
36257841
36258741
36259841
36259847
36259874
36512478
36512487
36512489
36514789
36521478
36521487
36521489
36524789
36578412
36578421
36587412
36587421
36598412
36598421
36598741
36598742
36841257
36841259
36842157
36842159
36847512
36847521
36851247
36852147
36857412
36857421
36874125
36874152
36874159
36874215
36874251
36874259
36874512
36874521
36875124
36875142
36875214
36875241
36875412
36875421
36895124
36895142
36895147
36895214
36895241
36895247
36895412
36895421
36895741
36895742
36951247
36951248
36951478
36951487
36952147
36952148
36952478
36952487
36957412
36957421
36957841
36957842
36958412
36958421
36958741
36958742
36984125
36984152
36984157
36984215
36984251
36984257
36984512
36984521
36984751
36984752
36985124
36985142
36985147
36985214
36985241
36985247
36985412
36985421
36985741
36985742
36987412
36987415
36987421
36987425
36987451
36987452
36987512
36987514
36987521
36987524
36987541
36987542
41235687
41235689
41235698
41235786
41235789
41235869
41235896
41235968
41235986
41235987
41236578
41236587
41236589
41236598
41236857
41236859
41236875
41236895
41236957
41236958
41236985
41236987
41253687
41253689
41253698
41256987
41257863
41257869
41257896
41258963
41259687
41259863
41263578
41263587
41263589
41263598
41265789
41265987
41268753
41268759
41268953
41268957
41269578
41269587
41269853
41269857
41269875
41523687
41523689
41523698
41526987
41532687
41532689
41532698
41536987
41578623
41578632
41578962
41578963
41589623
41589632
41598623
41598632
42153687
42153689
42153698
42156987
42157863
42157869
42157896
42158963
42159687
42159863
42356987
42357869
42357896
42359687
42365789
42365987
42368751
42368759
42368951
42368957
42369578
42369587
42369851
42369857
42369875
42536987
42578963
42635789
42635987
42698751
42698753
45123687
45123689
45123698
45126987
45236987
45326987
45786321
45789621
45789623
45789632
45896321
45986321
47512368
47512369
47512689
47512698
47523689
47523698
47532689
47532698
47586321
47589621
47589623
47589632
47596321
47598621
47598623
47598632
47851236
47851263
47851269
47852369
47853269
47853621
47856321
47859621
47859623
47859632
47862153
47862159
47862351
47862359
47863215
47863251
47863259
47863512
47863521
47865123
47865321
47869512
47869521
47869523
47869532
47895123
47895126
47895236
47895263
47895321
47895326
47895362
47895621
47895623
47895632
47896215
47896235
47896251
47896253
47896321
47896325
47896351
47896352
47896512
47896521
47896523
47896532
48512369
48596321
48632157
48632159
48695123
48695321
48751236
48751263
48751269
48752369
48753269
48753621
48756321
48759621
48759623
48759632
48951236
48951263
48953621
48956321
48962153
48962157
48962351
48962357
48963215
48963251
48963257
48963512
48963521
48965123
48965321
51236847
51236874
51236984
51236987
51247863
51247869
51247896
51248963
51269847
51269874
51423687
51423689
51423698
51426987
51478623
51478632
51478962
51478963
51489623
51489632
52147863
52147869
52147896
52148963
52368741
52369841
52369847
52369874
52478963
52698741
53214786
53214789
53214869
53214896
53247869
53247896
53268741
53269841
53269847
53269874
53621478
53621487
53621489
53624789
53687412
53687421
53698412
53698421
53698741
53698742
54123687
54123689
54123698
54126987
54236987
54786321
54789621
54789623
54789632
54896321
56214789
56321478
56321487
56321489
56324789
56874123
56984123
56987412
56987421
56987423
57412368
57412369
57412689
57412698
57423689
57423698
57486321
57489621
57489623
57489632
57841236
57841263
57841269
57842369
57863214
57863241
57896214
57896241
57896321
57896324
58412369
58632147
58741236
58741263
58741269
58742369
58962147
58963214
58963241
58963247
59621478
59621487
59632147
59632148
59632478
59632487
59684123
59687412
59687421
59687423
59841236
59841263
59862147
59863214
59863241
59863247
59874123
59874126
59874236
59874263
62145789
62145987
62147589
62147598
62147853
62147859
62147895
62148753
62148759
62148953
62148957
62154789
62157489
62159847
62159874
62351478
62351487
62351489
62354789
62357489
62357841
62358741
62359841
62359847
62359874
62415789
62415987
62478951
62478953
62514789
62598741
63214578
63214587
63214589
63214598
63214758
63214759
63214785
63214789
63214857
63214859
63214875
63214895
63215478
63215487
63215489
63215748
63215784
63215789
63215847
63215874
63215984
63215987
63241578
63241587
63241589
63241598
63245789
63245987
63247589
63247598
63247851
63247859
63247895
63248751
63248759
63248951
63248957
63251478
63251487
63251489
63254789
63257489
63257841
63258741
63259841
63259847
63259874
63512478
63512487
63512489
63514789
63521478
63521487
63521489
63524789
63578412
63578421
63587412
63587421
63598412
63598421
63598741
63598742
65124789
65214789
65321478
65321487
65321489
65324789
65784123
65874123
65984123
65987412
65987421
65987423
68412357
68412359
68475123
68475321
68532147
68574123
68741235
68741253
68741259
68741523
68741532
68742153
68742159
68742351
68742359
68745123
68745321
68751423
68753214
68753241
68754123
68951247
68951423
68952147
68953214
68953241
68953247
68954123
68957412
68957421
68957423
69512478
69512487
69521478
69521487
69532147
69532148
69532478
69532487
69574123
69578412
69578421
69578423
69584123
69587412
69587421
69587423
69841235
69841253
69841257
69841523
69841532
69842153
69842157
69842351
69842357
69845123
69845321
69847512
69847521
69847523
69847532
69851247
69851423
69852147
69853214
69853241
69853247
69854123
69857412
69857421
69857423
69874123
69874125
69874152
69874153
69874215
69874235
69874251
69874253
69874512
69874521
69874523
69874532
69875123
69875124
69875142
69875214
69875241
69875321
69875324
69875412
69875421
69875423
74123568
74123569
74123586
74123589
74123596
74123598
74123658
74123659
74123685
74123689
74123695
74123698
74125368
74125369
74125689
74125698
74125863
74125869
74125896
74125963
74125968
74125986
74126358
74126359
74126589
74126598
74126853
74126859
74126895
74126953
74126958
74126985
74152368
74152369
74152689
74152698
74153268
74153269
74153689
74153698
74158623
74158632
74158962
74158963
74159623
74159632
74159862
74159863
74215368
74215369
74215689
74215698
74215863
74215869
74215896
74215963
74215968
74215986
74235689
74235698
74235869
74235896
74235968
74235986
74236589
74236598
74236851
74236859
74236895
74236951
74236958
74236985
74253689
74253698
74258963
74259863
74263589
74263598
74268951
74268953
74269851
74269853
74512368
74512369
74512689
74512698
74523689
74523698
74532689
74532698
74586321
74589621
74589623
74589632
74596321
74598621
74598623
74598632
74851236
74851263
74851269
74852369
74853269
74853621
74856321
74859621
74859623
74859632
74862153
74862159
74862351
74862359
74863215
74863251
74863259
74863512
74863521
74865123
74865321
74869512
74869521
74869523
74869532
74895123
74895126
74895236
74895263
74895321
74895326
74895362
74895621
74895623
74895632
74896215
74896235
74896251
74896253
74896321
74896325
74896351
74896352
74896512
74896521
74896523
74896532
75123684
75123689
75123698
75124863
75124869
75124896
75126984
75142368
75142369
75142689
75142698
75148623
75148632
75148962
75148963
75214863
75214869
75214896
75236841
75236984
75248963
75269841
75321486
75321489
75324869
75324896
75326841
75326984
75362148
75362489
75368412
75368421
75369841
75369842
75412368
75412369
75412689
75412698
75423689
75423698
75486321
75489621
75489623
75489632
75621489
75632148
75632489
75684123
75698412
75698421
75698423
75841236
75841263
75841269
75842369
75863214
75863241
75896214
75896241
75896321
75896324
75962148
75963214
75963241
75963248
75968412
75968421
75968423
75984123
75984126
75984236
75984263
75986214
75986241
75986321
75986324
78412356
78412359
78412365
78412369
78412536
78412563
78412569
78412596
78412635
78412653
78412659
78412695
78415236
78415263
78415269
78415326
78415362
78415369
78415623
78415632
78415962
78415963
78421536
78421563
78421569
78421596
78423569
78423596
78423651
78423659
78423695
78425369
78425963
78426351
78426359
78426951
78426953
78451236
78451263
78451269
78452369
78453269
78453621
78456321
78459621
78459623
78459632
78512369
78514236
78514263
78514269
78536214
78536241
78541236
78541263
78541269
78542369
78563214
78563241
78596214
78596241
78596321
78596324
78621453
78621459
78623514
78623541
78624153
78624159
78632145
78632154
78632159
78632415
78632451
78632459
78632514
78632541
78635124
78635142
78635214
78635241
78635412
78635421
78651423
78653214
78653241
78654123
78695123
78695124
78695142
78695214
78695241
78695321
78695324
78695412
78695421
78695423
78951236
78951263
78951423
78951426
78953214
78953241
78953621
78953624
78954123
78954126
78954236
78954263
78956214
78956241
78956321
78956324
78962145
78962153
78962154
78962351
78962354
78962415
78962451
78962453
78962514
78962541
78963214
78963215
78963241
78963245
78963251
78963254
78963512
78963514
78963521
78963524
78963541
78963542
78965123
78965124
78965142
78965214
78965241
78965321
78965324
78965412
78965421
78965423
84123569
84123596
84123657
84123659
84123695
84125369
84125963
84126357
84126359
84126953
84126957
84152369
84153269
84159623
84159632
84215369
84215963
84236951
84236957
84512369
84596321
84751236
84751263
84751269
84752369
84753269
84753621
84756321
84759621
84759623
84759632
85142369
85362147
85412369
85632147
85741236
85741263
85741269
85742369
85962147
85963214
85963241
85963247
86214753
86214759
86235147
86235741
86321457
86321459
86321475
86321547
86321574
86324157
86324159
86324751
86324759
86325147
86325741
86351247
86352147
86357412
86357421
86532147
86574123
86951247
86951423
86952147
86953214
86953241
86953247
86954123
86957412
86957421
86957423
87412356
87412359
87412365
87412369
87412536
87412563
87412569
87412596
87412635
87412653
87412659
87412695
87415236
87415263
87415269
87415326
87415362
87415369
87415623
87415632
87415962
87415963
87421536
87421563
87421569
87421596
87423569
87423596
87423651
87423659
87423695
87425369
87425963
87426351
87426359
87426951
87426953
87451236
87451263
87451269
87452369
87453269
87453621
87456321
87459621
87459623
87459632
87512369
87514236
87514263
87514269
87536214
87536241
87541236
87541263
87541269
87542369
87563214
87563241
87596214
87596241
87596321
87596324
89514236
89514263
89532147
89536214
89536241
89536247
89541236
89541263
89562147
89563214
89563241
89563247
89574123
89574126
89574236
89574263
89621453
89621457
89621475
89621547
89621574
89623514
89623541
89623547
89623574
89624153
89624157
89624751
89624753
89625147
89625741
89632145
89632147
89632154
89632157
89632415
89632451
89632457
89632475
89632514
89632541
89632547
89632574
89635124
89635142
89635147
89635214
89635241
89635247
89635412
89635421
89635741
89635742
89651247
89651423
89652147
89653214
89653241
89653247
89654123
89657412
89657421
89657423
95123684
95123687
95124786
95124863
95126847
95126874
95142368
95142687
95147862
95147863
95148623
95148632
95214786
95214863
95236841
95236847
95236874
95247863
95268741
95321478
95321486
95321487
95324786
95326841
95326847
95326874
95362147
95362148
95362478
95362487
95368412
95368421
95368741
95368742
95412368
95412687
95423687
95478621
95478623
95478632
95486321
95621478
95621487
95632147
95632148
95632478
95632487
95684123
95687412
95687421
95687423
95741236
95741263
95741268
95742368
95748621
95748623
95748632
95784123
95784126
95784236
95784263
95786214
95786241
95786321
95786324
95841236
95841263
95862147
95863214
95863241
95863247
95874123
95874126
95874236
95874263
96214578
96214587
96214753
96214758
96214785
96214853
96214857
96214875
96215478
96215487
96215748
96215784
96215847
96215874
96235147
96235148
96235478
96235487
96235741
96235748
96235784
96235841
96235847
96235874
96241578
96241587
96247851
96247853
96248751
96248753
96251478
96251487
96257841
96258741
96321457
96321458
96321475
96321478
96321485
96321487
96321547
96321548
96321574
96321578
96321584
96321587
96324157
96324158
96324578
96324587
96324751
96324758
96324785
96324851
96324857
96324875
96325147
96325148
96325478
96325487
96325741
96325748
96325784
96325841
96325847
96325874
96351247
96351248
96351478
96351487
96352147
96352148
96352478
96352487
96357412
96357421
96357841
96357842
96358412
96358421
96358741
96358742
96512478
96512487
96521478
96521487
96532147
96532148
96532478
96532487
96574123
96578412
96578421
96578423
96584123
96587412
96587421
96587423
96841235
96841253
96841257
96841523
96841532
96842153
96842157
96842351
96842357
96845123
96845321
96847512
96847521
96847523
96847532
96851247
96851423
96852147
96853214
96853241
96853247
96854123
96857412
96857421
96857423
96874123
96874125
96874152
96874153
96874215
96874235
96874251
96874253
96874512
96874521
96874523
96874532
96875123
96875124
96875142
96875214
96875241
96875321
96875324
96875412
96875421
96875423
98412356
98412357
98412365
98412536
98412563
98412635
98412653
98412657
98415236
98415263
98415326
98415362
98415623
98415632
98421536
98421563
98423651
98423657
98426351
98426357
98451236
98451263
98453621
98456321
98475123
98475126
98475236
98475263
98475321
98475326
98475362
98475621
98475623
98475632
98514236
98514263
98532147
98536214
98536241
98536247
98541236
98541263
98562147
98563214
98563241
98563247
98574123
98574126
98574236
98574263
98621453
98621457
98621475
98621547
98621574
98623514
98623541
98623547
98623574
98624153
98624157
98624751
98624753
98625147
98625741
98632145
98632147
98632154
98632157
98632415
98632451
98632457
98632475
98632514
98632541
98632547
98632574
98635124
98635142
98635147
98635214
98635241
98635247
98635412
98635421
98635741
98635742
98651247
98651423
98652147
98653214
98653241
98653247
98654123
98657412
98657421
98657423
98741235
98741236
98741253
98741256
98741263
98741265
98741523
98741526
98741532
98741536
98741562
98741563
98742153
98742156
98742351
98742356
98742365
98742536
98742563
98742635
98742651
98742653
98745123
98745126
98745236
98745263
98745321
98745326
98745362
98745621
98745623
98745632
98751236
98751263
98751423
98751426
98753214
98753241
98753621
98753624
98754123
98754126
98754236
98754263
98756214
98756241
98756321
98756324
