12354
12356
12357
12358
12359
12365
12368
12369
12453
12456
12457
12458
12459
12475
12478
12485
12486
12487
12489
12536
12547
12548
12563
12568
12569
12574
12578
12584
12586
12587
12589
12596
12598
12635
12653
12654
12657
12658
12659
12684
12685
12687
12689
12695
12698
14235
14236
14253
14256
14257
14258
14259
14263
14265
14268
14269
14523
14526
14532
14536
14562
14563
14568
14569
14578
14586
14587
14589
14596
14598
14752
14753
14756
14758
14759
14785
14786
14789
14852
14853
14856
14857
14859
14862
14863
14865
14869
14875
14895
14896
15236
15247
15248
15263
15268
15269
15324
15326
15362
15368
15369
15423
15426
15478
15486
15487
15489
15623
15624
15632
15684
15687
15689
15698
15742
15748
15784
15786
15789
15842
15847
15862
15863
15869
15874
15896
15962
15963
15968
15984
15986
15987
21453
21456
21457
21458
21459
21475
21478
21485
21486
21487
21489
21536
21547
21548
21563
21568
21569
21574
21578
21584
21586
21587
21589
21596
21598
23514
23541
23547
23548
23568
23569
23574
23578
23584
23586
23587
23589
23596
23598
23651
23654
23657
23658
23659
23684
23685
23687
23689
23695
23698
24153
24156
24157
24158
24159
24536
24563
24568
24569
24578
24586
24587
24589
24596
24598
24751
24753
24756
24758
24759
24785
24786
24789
24851
24853
24856
24857
24859
24863
24865
24869
24875
24895
24896
25147
25148
25368
25369
25478
25486
25487
25489
25684
25687
25689
25698
25741
25748
25784
25786
25789
25841
25847
25863
25869
25874
25896
25963
25968
25984
25986
25987
26351
26354
26357
26358
26359
26514
26541
26547
26548
26574
26578
26584
26587
26589
26598
26841
26845
26847
26851
26853
26854
26857
26859
26874
26875
26895
26951
26953
26954
26957
26958
26984
26985
26987
32145
32147
32148
32154
32156
32157
32158
32159
32415
32451
32456
32457
32458
32459
32475
32478
32485
32486
32487
32489
32514
32541
32547
32548
32568
32569
32574
32578
32584
32586
32587
32589
32596
32598
32651
32654
32657
32658
32659
32684
32685
32687
32689
32695
32698
35124
35126
35142
35147
35148
35214
35241
35247
35248
35268
35269
35412
35421
35426
35478
35486
35487
35489
35621
35624
35684
35687
35689
35698
35741
35742
35748
35784
35786
35789
35841
35842
35847
35862
35869
35874
35896
35962
35968
35984
35986
35987
36214
36215
36241
36245
36247
36248
36251
36254
36257
36258
36259
36512
36514
36521
36524
36541
36542
36547
36548
36574
36578
36584
36587
36589
36598
36841
36842
36845
36847
36851
36852
36854
36857
36859
36874
36875
36895
36951
36952
36954
36957
36958
36984
36985
36987
41235
41236
41253
41256
41257
41258
41259
41263
41265
41268
41269
41523
41526
41532
41536
41562
41563
41568
41569
41578
41586
41587
41589
41596
41598
42153
42156
42157
42158
42159
42351
42356
42357
42358
42359
42365
42368
42369
42536
42563
42568
42569
42578
42586
42587
42589
42596
42598
42635
42651
42653
42657
42658
42659
42685
42687
42689
42695
42698
45123
45126
45236
45263
45268
45269
45321
45326
45362
45368
45369
45621
45623
45632
45687
45689
45698
45786
45789
45862
45863
45869
45896
45962
45963
45968
45986
45987
47512
47521
47523
47526
47532
47536
47562
47563
47568
47569
47586
47589
47596
47598
47851
47852
47853
47856
47859
47862
47863
47865
47869
47895
47896
48512
48521
48523
48526
48532
48536
48562
48563
48569
48596
48621
48623
48625
48632
48635
48651
48652
48653
48657
48659
48695
48751
48752
48753
48756
48759
48951
48952
48953
48956
48957
48962
48963
48965
51236
51247
51248
51263
51268
51269
51423
51426
51478
51486
51487
51489
52147
52148
52368
52369
52478
52486
52487
52489
52684
52687
52689
52698
53214
53241
53247
53248
53268
53269
53621
53624
53684
53687
53689
53698
54123
54126
54236
54263
54268
54269
54786
54789
54862
54863
54869
54896
56214
56241
56247
56248
56321
56324
56841
56842
56847
56874
56984
56987
57412
57421
57423
57426
57486
57489
57841
57842
57862
57863
57869
57896
58412
58421
58423
58426
58621
58623
58624
58632
58741
58742
58962
58963
59621
59623
59624
59632
59684
59687
59841
59842
59847
59862
59863
59874
62145
62147
62148
62153
62154
62157
62158
62159
62351
62354
62357
62358
62359
62415
62451
62453
62457
62458
62459
62475
62478
62485
62487
62489
62514
62541
62547
62548
62574
62578
62584
62587
62589
62598
63214
63215
63241
63245
63247
63248
63251
63254
63257
63258
63259
63512
63514
63521
63524
63541
63542
63547
63548
63574
63578
63584
63587
63589
63598
65123
65124
65142
65147
65148
65214
65241
65247
65248
65321
65324
65412
65421
65423
65478
65487
65489
65741
65742
65748
65784
65789
65841
65842
65847
65874
65984
65987
68412
68415
68421
68423
68425
68451
68452
68453
68457
68459
68475
68512
68514
68521
68523
68524
68532
68541
68542
68547
68574
68741
68742
68745
68751
68752
68753
68754
68759
68951
68952
68953
68954
68957
69512
69514
69521
69523
69524
69532
69541
69542
69547
69548
69574
69578
69584
69587
69841
69842
69845
69847
69851
69852
69853
69854
69857
69874
69875
74123
74125
74126
74152
74153
74156
74158
74159
74215
74235
74236
74251
74253
74256
74258
74259
74263
74265
74268
74269
74512
74521
74523
74526
74532
74536
74562
74563
74568
74569
74586
74589
74596
74598
74851
74852
74853
74856
74859
74862
74863
74865
74869
74895
74896
75123
75124
75126
75142
75148
75214
75236
75241
75248
75263
75268
75269
75321
75324
75326
75362
75368
75369
75412
75421
75423
75426
75486
75489
75621
75623
75624
75632
75684
75689
75698
75841
75842
75862
75863
75869
75896
75962
75963
75968
75984
75986
78412
78415
78421
78423
78425
78426
78451
78452
78453
78456
78459
78512
78514
78521
78523
78524
78526
78532
78536
78541
78542
78562
78563
78569
78596
78621
78623
78624
78625
78632
78635
78651
78652
78653
78654
78659
78695
78951
78952
78953
78954
78956
78962
78963
78965
84123
84125
84126
84152
84153
84156
84157
84159
84215
84235
84236
84251
84253
84256
84257
84259
84263
84265
84269
84512
84521
84523
84526
84532
84536
84562
84563
84569
84596
84751
84752
84753
84756
84759
85123
85124
85126
85142
85147
85214
85236
85241
85247
85263
85269
85321
85324
85326
85362
85369
85412
85421
85423
85426
85621
85623
85624
85632
85741
85742
85962
85963
86214
86215
86235
86241
86245
86247
86251
86253
86254
86257
86259
86321
86324
86325
86351
86352
86354
86357
86359
86512
86514
86521
86523
86524
86532
86541
86542
86547
86574
86951
86952
86953
86954
86957
87412
87415
87421
87423
87425
87426
87451
87452
87453
87456
87459
87512
87514
87521
87523
87524
87526
87532
87536
87541
87542
87562
87563
87569
87596
89512
89514
89521
89523
89524
89526
89532
89536
89541
89542
89547
89562
89563
89574
89621
89623
89624
89625
89632
89635
89651
89652
89653
89654
89657
95123
95124
95126
95142
95147
95148
95214
95236
95241
95247
95248
95263
95268
95321
95324
95326
95362
95368
95412
95421
95423
95426
95478
95486
95487
95621
95623
95624
95632
95684
95687
95741
95742
95748
95784
95786
95841
95842
95847
95862
95863
95874
96214
96215
96235
96241
96245
96247
96248
96251
96253
96254
96257
96258
96321
96324
96325
96351
96352
96354
96357
96358
96512
96514
96521
96523
96524
96532
96541
96542
96547
96548
96574
96578
96584
96587
96841
96842
96845
96847
96851
96852
96853
96854
96857
96874
96875
98412
98415
98421
98423
98425
98426
98451
98452
98453
98456
98457
98475
98512
98514
98521
98523
98524
98526
98532
98536
98541
98542
98547
98562
98563
98574
98621
98623
98624
98625
98632
98635
98651
98652
98653
98654
98657
98741
98742
98745
98751
98752
98753
98754
98756
