1235478
1235486
1235487
1235489
1235684
1235687
1235689
1235698
1235748
1235784
1235786
1235789
1235847
1235869
1235874
1235896
1235968
1235984
1235986
1235987
1236547
1236548
1236574
1236578
1236584
1236587
1236589
1236598
1236845
1236847
1236854
1236857
1236859
1236874
1236875
1236895
1236954
1236957
1236958
1236984
1236985
1236987
1245368
1245369
1245687
1245689
1245698
1245786
1245789
1245863
1245869
1245896
1245963
1245968
1245986
1245987
1247536
1247563
1247568
1247569
1247586
1247589
1247596
1247598
1247853
1247856
1247859
1247863
1247865
1247869
1247895
1247896
1248536
1248563
1248569
1248596
1248635
1248653
1248657
1248659
1248695
1248753
1248756
1248759
1248953
1248956
1248957
1248963
1248965
1253684
1253687
1253689
1253698
1254786
1254789
1254863
1254869
1254896
1256847
1256874
1256984
1256987
1257486
1257489
1257863
1257869
1257896
1258963
1259684
1259687
1259847
1259863
1259874
1263547
1263548
1263574
1263578
1263584
1263587
1263589
1263598
1265478
1265487
1265489
1265748
1265784
1265789
1265847
1265874
1265984
1265987
1268453
1268457
1268459
1268475
1268547
1268574
1268745
1268753
1268754
1268759
1268953
1268954
1268957
1269547
1269548
1269574
1269578
1269584
1269587
1269845
1269847
1269853
1269854
1269857
1269874
1269875
1423568
1423569
1423578
1423586
1423587
1423589
1423596
1423598
1423657
1423658
1423659
1423685
1423687
1423689
1423695
1423698
1425368
1425369
1425687
1425689
1425698
1425786
1425789
1425863
1425869
1425896
1425963
1425968
1425986
1425987
1426357
1426358
1426359
1426578
1426587
1426589
1426598
1426853
1426857
1426859
1426875
1426895
1426953
1426957
1426958
1426985
1426987
1452368
1452369
1452687
1452689
1452698
1453268
1453269
1453687
1453689
1453698
1456987
1457862
1457863
1457869
1457896
1458623
1458632
1458962
1458963
1459623
1459632
1459687
1459862
1459863
1475236
1475263
1475268
1475269
1475326
1475362
1475368
1475369
1475623
1475632
1475689
1475698
1475862
1475863
1475869
1475896
1475962
1475963
1475968
1475986
1478523
1478526
1478532
1478536
1478562
1478563
1478569
1478596
1478623
1478625
1478632
1478635
1478652
1478653
1478659
1478695
1478952
1478953
1478956
1478962
1478963
1478965
1485236
1485263
1485269
1485326
1485362
1485369
1485623
1485632
1485962
1485963
1486235
1486253
1486257
1486259
1486325
1486352
1486357
1486359
1486523
1486532
1486952
1486953
1486957
1487523
1487526
1487532
1487536
1487562
1487563
1487569
1487596
1489523
1489526
1489532
1489536
1489562
1489563
1489623
1489625
1489632
1489635
1489652
1489653
1489657
1523684
1523687
1523689
1523698
1524786
1524789
1524863
1524869
1524896
1526847
1526874
1526984
1526987
1532478
1532486
1532487
1532489
1532684
1532687
1532689
1532698
1536247
1536248
1536842
1536847
1536874
1536984
1536987
1542368
1542369
1542687
1542689
1542698
1547862
1547863
1547869
1547896
1548623
1548632
1548962
1548963
1562478
1562487
1562489
1563247
1563248
1568423
1568742
1569842
1569847
1569874
1574236
1574263
1574268
1574269
1574862
1574863
1574869
1574896
1578423
1578426
1578623
1578624
1578632
1578962
1578963
1584236
1584263
1584269
1586247
1586324
1587423
1587426
1589623
1589624
1589632
1596247
1596248
1596324
1596842
1596847
1596874
1598423
1598426
1598623
1598624
1598632
1598742
2145368
2145369
2145687
2145689
2145698
2145786
2145789
2145863
2145869
2145896
2145963
2145968
2145986
2145987
2147536
2147563
2147568
2147569
2147586
2147589
2147596
2147598
2147853
2147856
2147859
2147863
2147865
2147869
2147895
2147896
2148536
2148563
2148569
2148596
2148635
2148653
2148657
2148659
2148695
2148753
2148756
2148759
2148953
2148956
2148957
2148963
2148965
2153684
2153687
2153689
2153698
2154786
2154789
2154863
2154869
2154896
2156847
2156874
2156984
2156987
2157486
2157489
2157863
2157869
2157896
2158963
2159684
2159687
2159847
2159863
2159874
2351478
2351486
2351487
2351489
2354786
2354789
2354869
2354896
2356841
2356847
2356874
2356984
2356987
2357486
2357489
2357841
2357869
2357896
2358741
2359684
2359687
2359841
2359847
2359874
2365147
2365148
2365478
2365487
2365489
2365741
2365748
2365784
2365789
2365841
2365847
2365874
2365984
2365987
2368415
2368451
2368457
2368459
2368475
2368514
2368541
2368547
2368574
2368741
2368745
2368751
2368754
2368759
2368951
2368954
2368957
2369514
2369541
2369547
2369548
2369574
2369578
2369584
2369587
2369841
2369845
2369847
2369851
2369854
2369857
2369874
2369875
2415368
2415369
2415687
2415689
2415698
2415786
2415789
2415863
2415869
2415896
2415963
2415968
2415986
2415987
2453687
2453689
2453698
2456987
2457863
2457869
2457896
2458963
2459687
2459863
2475368
2475369
2475689
2475698
2475863
2475869
2475896
2475963
2475968
2475986
2478536
2478563
2478569
2478596
2478635
2478651
2478653
2478659
2478695
2478951
2478953
2478956
2478963
2478965
2485369
2485963
2486351
2486357
2486359
2486951
2486953
2486957
2487536
2487563
2487569
2487596
2489536
2489563
2489635
2489651
2489653
2489657
2514786
2514789
2514863
2514869
2514896
2536841
2536847
2536874
2536984
2536987
2547863
2547869
2547896
2548963
2568741
2569841
2569847
2569874
2574863
2574869
2574896
2578963
2596841
2596847
2596874
2598741
2635147
2635148
2635478
2635487
2635489
2635741
2635748
2635784
2635789
2635841
2635847
2635874
2635984
2635987
2651478
2651487
2651489
2654789
2657489
2657841
2658741
2659841
2659847
2659874
2684153
2684157
2684159
2684751
2684753
2684759
2685147
2685741
2687415
2687451
2687453
2687459
2687514
2687541
2689514
2689541
2689547
2689574
2695147
2695148
2695478
2695487
2695741
2695748
2695784
2695841
2695847
2695874
2698415
2698451
2698453
2698457
2698475
2698514
2698541
2698547
2698574
2698741
2698745
2698751
2698753
2698754
3214568
3214569
3214578
3214586
3214587
3214589
3214596
3214598
3214756
3214758
3214759
3214785
3214786
3214789
3214856
3214857
3214859
3214865
3214869
3214875
3214895
3214896
3215478
3215486
3215487
3215489
3215684
3215687
3215689
3215698
3215748
3215784
3215786
3215789
3215847
3215869
3215874
3215896
3215968
3215984
3215986
3215987
3241568
3241569
3241578
3241586
3241587
3241589
3241596
3241598
3245687
3245689
3245698
3245786
3245789
3245869
3245896
3245968
3245986
3245987
3247568
3247569
3247586
3247589
3247596
3247598
3247851
3247856
3247859
3247865
3247869
3247895
3247896
3248569
3248596
3248651
3248657
3248659
3248695
3248751
3248756
3248759
3248951
3248956
3248957
3248965
3251478
3251486
3251487
3251489
3254786
3254789
3254869
3254896
3256841
3256847
3256874
3256984
3256987
3257486
3257489
3257841
3257869
3257896
3258741
3259684
3259687
3259841
3259847
3259874
3265147
3265148
3265478
3265487
3265489
3265741
3265748
3265784
3265789
3265841
3265847
3265874
3265984
3265987
3268415
3268451
3268457
3268459
3268475
3268514
3268541
3268547
3268574
3268741
3268745
3268751
3268754
3268759
3268951
3268954
3268957
3269514
3269541
3269547
3269548
3269574
3269578
3269584
3269587
3269841
3269845
3269847
3269851
3269854
3269857
3269874
3269875
3512478
3512486
3512487
3512489
3512684
3512687
3512689
3512698
3514268
3514269
3514786
3514789
3514862
3514869
3514896
3521478
3521486
3521487
3521489
3524786
3524789
3524869
3524896
3526841
3526847
3526874
3526984
3526987
3541268
3541269
3542687
3542689
3542698
3547862
3547869
3547896
3548621
3548962
3562147
3562148
3562478
3562487
3562489
3568412
3568421
3568741
3568742
3569841
3569842
3569847
3569874
3574126
3574268
3574269
3574862
3574869
3574896
3578412
3578421
3578426
3578621
3578624
3578962
3584126
3584269
3586214
3586241
3586247
3587412
3587421
3587426
3589621
3589624
3596214
3596241
3596247
3596248
3596841
3596842
3596847
3596874
3598412
3598421
3598426
3598621
3598624
3598741
3598742
3621457
3621458
3621459
3621475
3621478
3621485
3621487
3621489
3621547
3621548
3621574
3621578
3621584
3621587
3621589
3621598
3624157
3624158
3624159
3624578
3624587
3624589
3624598
3624751
3624758
3624759
3624785
3624789
3624851
3624857
3624859
3624875
3624895
3625147
3625148
3625478
3625487
3625489
3625741
3625748
3625784
3625789
3625841
3625847
3625874
3625984
3625987
3651247
3651248
3651478
3651487
3651489
3652147
3652148
3652478
3652487
3652489
3654789
3657412
3657421
3657489
3657841
3657842
3658412
3658421
3658741
3658742
3659841
3659842
3659847
3659874
3684125
3684152
3684157
3684159
3684215
3684251
3684257
3684259
3684512
3684521
3684751
3684752
3684759
3685124
3685142
3685147
3685214
3685241
3685247
3685412
3685421
3685741
3685742
3687412
3687415
3687421
3687425
3687451
3687452
3687459
3687512
3687514
3687521
3687524
3687541
3687542
3689512
3689514
3689521
3689524
3689541
3689542
3689547
3689574
3695124
3695142
3695147
3695148
3695214
3695241
3695247
3695248
3695412
3695421
3695478
3695487
3695741
3695742
3695748
3695784
3695841
3695842
3695847
3695874
3698412
3698415
3698421
3698425
3698451
3698452
3698457
3698475
3698512
3698514
3698521
3698524
3698541
3698542
3698547
3698574
3698741
3698742
3698745
3698751
3698752
3698754
4123568
4123569
4123578
4123586
4123587
4123589
4123596
4123598
4123657
4123658
4123659
4123685
4123687
4123689
4123695
4123698
4125368
4125369
4125687
4125689
4125698
4125786
4125789
4125863
4125869
4125896
4125963
4125968
4125986
4125987
4126357
4126358
4126359
4126578
4126587
4126589
4126598
4126853
4126857
4126859
4126875
4126895
4126953
4126957
4126958
4126985
4126987
4152368
4152369
4152687
4152689
4152698
4153268
4153269
4153687
4153689
4153698
4156987
4157862
4157863
4157869
4157896
4158623
4158632
4158962
4158963
4159623
4159632
4159687
4159862
4159863
4215368
4215369
4215687
4215689
4215698
4215786
4215789
4215863
4215869
4215896
4215963
4215968
4215986
4215987
4235687
4235689
4235698
4235786
4235789
4235869
4235896
4235968
4235986
4235987
4236578
4236587
4236589
4236598
4236851
4236857
4236859
4236875
4236895
4236951
4236957
4236958
4236985
4236987
4253687
4253689
4253698
4256987
4257863
4257869
4257896
4258963
4259687
4259863
4263578
4263587
4263589
4263598
4265789
4265987
4268751
4268753
4268759
4268951
4268953
4268957
4269578
4269587
4269851
4269853
4269857
4269875
4512368
4512369
4512687
4512689
4512698
4523687
4523689
4523698
4526987
4532687
4532689
4532698
4536987
4578621
4578623
4578632
4578962
4578963
4586321
4589621
4589623
4589632
4596321
4598621
4598623
4598632
4751236
4751263
4751268
4751269
4752368
4752369
4752689
4752698
4753268
4753269
4753621
4753689
4753698
4756321
4758621
4758623
4758632
4758962
4758963
4759621
4759623
4759632
4759862
4759863
4785123
4785126
4785236
4785263
4785269
4785321
4785326
4785362
4785369
4785621
4785623
4785632
4785962
4785963
4786215
4786235
4786251
4786253
4786259
4786321
4786325
4786351
4786352
4786359
4786512
4786521
4786523
4786532
4786951
4786952
4786953
4789512
4789521
4789523
4789526
4789532
4789536
4789562
4789563
4789621
4789623
4789625
4789632
4789635
4789651
4789652
4789653
4851236
4851263
4851269
4852369
4853269
4853621
4856321
4859621
4859623
4859632
4862153
4862157
4862159
4862351
4862357
4862359
4863215
4863251
4863257
4863259
4863512
4863521
4865123
4865321
4869512
4869521
4869523
4869532
4875123
4875126
4875236
4875263
4875269
4875321
4875326
4875362
4875369
4875621
4875623
4875632
4875962
4875963
4895123
4895126
4895236
4895263
4895321
4895326
4895362
4895621
4895623
4895632
4896215
4896235
4896251
4896253
4896257
4896321
4896325
4896351
4896352
4896357
4896512
4896521
4896523
4896532
5123684
5123687
5123689
5123698
5124786
5124789
5124863
5124869
5124896
5126847
5126874
5126984
5126987
5142368
5142369
5142687
5142689
5142698
5147862
5147863
5147869
5147896
5148623
5148632
5148962
5148963
5214786
5214789
5214863
5214869
5214896
5236841
5236847
5236874
5236984
5236987
5247863
5247869
5247896
5248963
5268741
5269841
5269847
5269874
5321478
5321486
5321487
5321489
5324786
5324789
5324869
5324896
5326841
5326847
5326874
5326984
5326987
5362147
5362148
5362478
5362487
5362489
5368412
5368421
5368741
5368742
5369841
5369842
5369847
5369874
5412368
5412369
5412687
5412689
5412698
5423687
5423689
5423698
5426987
5478621
5478623
5478632
5478962
5478963
5486321
5489621
5489623
5489632
5621478
5621487
5621489
5624789
5632147
5632148
5632478
5632487
5632489
5684123
5687412
5687421
5687423
5698412
5698421
5698423
5698741
5698742
5741236
5741263
5741268
5741269
5742368
5742369
5742689
5742698
5748621
5748623
5748632
5748962
5748963
5784123
5784126
5784236
5784263
5784269
5786214
5786241
5786321
5786324
5789621
5789623
5789624
5789632
5841236
5841263
5841269
5842369
5862147
5863214
5863241
5863247
5874123
5874126
5874236
5874263
5874269
5896214
5896241
5896247
5896321
5896324
5962147
5962148
5962478
5962487
5963214
5963241
5963247
5963248
5968412
5968421
5968423
5968741
5968742
5984123
5984126
5984236
5984263
5986214
5986241
5986247
5986321
5986324
5987412
5987421
5987423
5987426
6214578
6214587
6214589
6214598
6214753
6214758
6214759
6214785
6214789
6214853
6214857
6214859
6214875
6214895
6215478
6215487
6215489
6215748
6215784
6215789
6215847
6215874
6215984
6215987
6235147
6235148
6235478
6235487
6235489
6235741
6235748
6235784
6235789
6235841
6235847
6235874
6235984
6235987
6241578
6241587
6241589
6241598
6245789
6245987
6247589
6247598
6247851
6247853
6247859
6247895
6248751
6248753
6248759
6248951
6248953
6248957
6251478
6251487
6251489
6254789
6257489
6257841
6258741
6259841
6259847
6259874
6321457
6321458
6321459
6321475
6321478
6321485
6321487
6321489
6321547
6321548
6321574
6321578
6321584
6321587
6321589
6321598
6324157
6324158
6324159
6324578
6324587
6324589
6324598
6324751
6324758
6324759
6324785
6324789
6324851
6324857
6324859
6324875
6324895
6325147
6325148
6325478
6325487
6325489
6325741
6325748
6325784
6325789
6325841
6325847
6325874
6325984
6325987
6351247
6351248
6351478
6351487
6351489
6352147
6352148
6352478
6352487
6352489
6354789
6357412
6357421
6357489
6357841
6357842
6358412
6358421
6358741
6358742
6359841
6359842
6359847
6359874
6512478
6512487
6512489
6514789
6521478
6521487
6521489
6524789
6532147
6532148
6532478
6532487
6532489
6574123
6578412
6578421
6578423
6584123
6587412
6587421
6587423
6598412
6598421
6598423
6598741
6598742
6841235
6841253
6841257
6841259
6841523
6841532
6842153
6842157
6842159
6842351
6842357
6842359
6845123
6845321
6847512
6847521
6847523
6847532
6851247
6851423
6852147
6853214
6853241
6853247
6854123
6857412
6857421
6857423
6874123
6874125
6874152
6874153
6874159
6874215
6874235
6874251
6874253
6874259
6874512
6874521
6874523
6874532
6875123
6875124
6875142
6875214
6875241
6875321
6875324
6875412
6875421
6875423
6895123
6895124
6895142
6895147
6895214
6895241
6895247
6895321
6895324
6895412
6895421
6895423
6895741
6895742
6951247
6951248
6951423
6951478
6951487
6952147
6952148
6952478
6952487
6953214
6953241
6953247
6953248
6954123
6957412
6957421
6957423
6957841
6957842
6958412
6958421
6958423
6958741
6958742
6984123
6984125
6984152
6984153
6984157
6984215
6984235
6984251
6984253
6984257
6984512
6984521
6984523
6984532
6984751
6984752
6984753
6985123
6985124
6985142
6985147
6985214
6985241
6985247
6985321
6985324
6985412
6985421
6985423
6985741
6985742
6987412
6987415
6987421
6987423
6987425
6987451
6987452
6987453
6987512
6987514
6987521
6987523
6987524
6987532
6987541
6987542
7412356
7412358
7412359
7412365
7412368
7412369
7412536
7412563
7412568
7412569
7412586
7412589
7412596
7412598
7412635
7412653
7412658
7412659
7412685
7412689
7412695
7412698
7415236
7415263
7415268
7415269
7415326
7415362
7415368
7415369
7415623
7415632
7415689
7415698
7415862
7415863
7415869
7415896
7415962
7415963
7415968
7415986
7421536
7421563
7421568
7421569
7421586
7421589
7421596
7421598
7423568
7423569
7423586
7423589
7423596
7423598
7423651
7423658
7423659
7423685
7423689
7423695
7423698
7425368
7425369
7425689
7425698
7425863
7425869
7425896
7425963
7425968
7425986
7426351
7426358
7426359
7426589
7426598
7426851
7426853
7426859
7426895
7426951
7426953
7426958
7426985
7451236
7451263
7451268
7451269
7452368
7452369
7452689
7452698
7453268
7453269
7453621
7453689
7453698
7456321
7458621
7458623
7458632
7458962
7458963
7459621
7459623
7459632
7459862
7459863
7485123
7485126
7485236
7485263
7485269
7485321
7485326
7485362
7485369
7485621
7485623
7485632
7485962
7485963
7486215
7486235
7486251
7486253
7486259
7486321
7486325
7486351
7486352
7486359
7486512
7486521
7486523
7486532
7486951
7486952
7486953
7489512
7489521
7489523
7489526
7489532
7489536
7489562
7489563
7489621
7489623
7489625
7489632
7489635
7489651
7489652
7489653
7512368
7512369
7512486
7512489
7512684
7512689
7512698
7514236
7514263
7514268
7514269
7514862
7514863
7514869
7514896
7521486
7521489
7523684
7523689
7523698
7524863
7524869
7524896
7526841
7526984
7532148
7532486
7532489
7532684
7532689
7532698
7536214
7536241
7536248
7536841
7536842
7536984
7541236
7541263
7541268
7541269
7542368
7542369
7542689
7542698
7548621
7548623
7548632
7548962
7548963
7562148
7562489
7563214
7563241
7563248
7568412
7568421
7568423
7569841
7569842
7584123
7584126
7584236
7584263
7584269
7586214
7586241
7586321
7586324
7589621
7589623
7589624
7589632
7596214
7596241
7596248
7596321
7596324
7596841
7596842
7598412
7598421
7598423
7598426
7598621
7598623
7598624
7598632
7841235
7841236
7841253
7841256
7841259
7841263
7841265
7841269
7841523
7841526
7841532
7841536
7841562
7841563
7841569
7841596
7842153
7842156
7842159
7842351
7842356
7842359
7842365
7842369
7842536
7842563
7842569
7842596
7842635
7842651
7842653
7842659
7842695
7845123
7845126
7845236
7845263
7845269
7845321
7845326
7845362
7845369
7845621
7845623
7845632
7845962
7845963
7851236
7851263
7851269
7851423
7851426
7852369
7853214
7853241
7853269
7853621
7853624
7854123
7854126
7854236
7854263
7854269
7856214
7856241
7856321
7856324
7859621
7859623
7859624
7859632
7862145
7862153
7862154
7862159
7862351
7862354
7862359
7862415
7862451
7862453
7862459
7862514
7862541
7863214
7863215
7863241
7863245
7863251
7863254
7863259
7863512
7863514
7863521
7863524
7863541
7863542
7865123
7865124
7865142
7865214
7865241
7865321
7865324
7865412
7865421
7865423
7869512
7869514
7869521
7869523
7869524
7869532
7869541
7869542
7895123
7895124
7895126
7895142
7895214
7895236
7895241
7895263
7895321
7895324
7895326
7895362
7895412
7895421
7895423
7895426
7895621
7895623
7895624
7895632
7896214
7896215
7896235
7896241
7896245
7896251
7896253
7896254
7896321
7896324
7896325
7896351
7896352
7896354
7896512
7896514
7896521
7896523
7896524
7896532
7896541
7896542
8412356
8412357
8412359
8412365
8412369
8412536
8412563
8412569
8412596
8412635
8412653
8412657
8412659
8412695
8415236
8415263
8415269
8415326
8415362
8415369
8415623
8415632
8415962
8415963
8421536
8421563
8421569
8421596
8423569
8423596
8423651
8423657
8423659
8423695
8425369
8425963
8426351
8426357
8426359
8426951
8426953
8426957
8451236
8451263
8451269
8452369
8453269
8453621
8456321
8459621
8459623
8459632
8475123
8475126
8475236
8475263
8475269
8475321
8475326
8475362
8475369
8475621
8475623
8475632
8475962
8475963
8512369
8514236
8514263
8514269
8532147
8536214
8536241
8536247
8541236
8541263
8541269
8542369
8562147
8563214
8563241
8563247
8574123
8574126
8574236
8574263
8574269
8596214
8596241
8596247
8596321
8596324
8621453
8621457
8621459
8621475
8621547
8621574
8623514
8623541
8623547
8623574
8624153
8624157
8624159
8624751
8624753
8624759
8625147
8625741
8632145
8632147
8632154
8632157
8632159
8632415
8632451
8632457
8632459
8632475
8632514
8632541
8632547
8632574
8635124
8635142
8635147
8635214
8635241
8635247
8635412
8635421
8635741
8635742
8651247
8651423
8652147
8653214
8653241
8653247
8654123
8657412
8657421
8657423
8695123
8695124
8695142
8695147
8695214
8695241
8695247
8695321
8695324
8695412
8695421
8695423
8695741
8695742
8741235
8741236
8741253
8741256
8741259
8741263
8741265
8741269
8741523
8741526
8741532
8741536
8741562
8741563
8741569
8741596
8742153
8742156
8742159
8742351
8742356
8742359
8742365
8742369
8742536
8742563
8742569
8742596
8742635
8742651
8742653
8742659
8742695
8745123
8745126
8745236
8745263
8745269
8745321
8745326
8745362
8745369
8745621
8745623
8745632
8745962
8745963
8751236
8751263
8751269
8751423
8751426
8752369
8753214
8753241
8753269
8753621
8753624
8754123
8754126
8754236
8754263
8754269
8756214
8756241
8756321
8756324
8759621
8759623
8759624
8759632
8951236
8951247
8951263
8951423
8951426
8952147
8953214
8953241
8953247
8953621
8953624
8954123
8954126
8954236
8954263
8956214
8956241
8956247
8956321
8956324
8957412
8957421
8957423
8957426
8962145
8962147
8962153
8962154
8962157
8962351
8962354
8962357
8962415
8962451
8962453
8962457
8962475
8962514
8962541
8962547
8962574
8963214
8963215
8963241
8963245
8963247
8963251
8963254
8963257
8963512
8963514
8963521
8963524
8963541
8963542
8963547
8963574
8965123
8965124
8965142
8965147
8965214
8965241
8965247
8965321
8965324
8965412
8965421
8965423
8965741
8965742
9512368
9512478
9512486
9512487
9512684
9512687
9514236
9514263
9514268
9514786
9514862
9514863
9521478
9521486
9521487
9523684
9523687
9524786
9524863
9526841
9526847
9526874
9532147
9532148
9532478
9532486
9532487
9532684
9532687
9536214
9536241
9536247
9536248
9536841
9536842
9536847
9536874
9541236
9541263
9541268
9542368
9542687
9547862
9547863
9548621
9548623
9548632
9562147
9562148
9562478
9562487
9563214
9563241
9563247
9563248
9568412
9568421
9568423
9568741
9568742
9574123
9574126
9574236
9574263
9574268
9574862
9574863
9578412
9578421
9578423
9578426
9578621
9578623
9578624
9578632
9584123
9584126
9584236
9584263
9586214
9586241
9586247
9586321
9586324
9587412
9587421
9587423
9587426
9621453
9621457
9621458
9621475
9621478
9621485
9621487
9621547
9621548
9621574
9621578
9621584
9621587
9623514
9623541
9623547
9623548
9623574
9623578
9623584
9623587
9624153
9624157
9624158
9624578
9624587
9624751
9624753
9624758
9624785
9624851
9624853
9624857
9624875
9625147
9625148
9625478
9625487
9625741
9625748
9625784
9625841
9625847
9625874
9632145
9632147
9632148
9632154
9632157
9632158
9632415
9632451
9632457
9632458
9632475
9632478
9632485
9632487
9632514
9632541
9632547
9632548
9632574
9632578
9632584
9632587
9635124
9635142
9635147
9635148
9635214
9635241
9635247
9635248
9635412
9635421
9635478
9635487
9635741
9635742
9635748
9635784
9635841
9635842
9635847
9635874
9651247
9651248
9651423
9651478
9651487
9652147
9652148
9652478
9652487
9653214
9653241
9653247
9653248
9654123
9657412
9657421
9657423
9657841
9657842
9658412
9658421
9658423
9658741
9658742
9684123
9684125
9684152
9684153
9684157
9684215
9684235
9684251
9684253
9684257
9684512
9684521
9684523
9684532
9684751
9684752
9684753
9685123
9685124
9685142
9685147
9685214
9685241
9685247
9685321
9685324
9685412
9685421
9685423
9685741
9685742
9687412
9687415
9687421
9687423
9687425
9687451
9687452
9687453
9687512
9687514
9687521
9687523
9687524
9687532
9687541
9687542
9841235
9841236
9841253
9841256
9841257
9841263
9841265
9841523
9841526
9841532
9841536
9841562
9841563
9842153
9842156
9842157
9842351
9842356
9842357
9842365
9842536
9842563
9842635
9842651
9842653
9842657
9845123
9845126
9845236
9845263
9845321
9845326
9845362
9845621
9845623
9845632
9847512
9847521
9847523
9847526
9847532
9847536
9847562
9847563
9851236
9851247
9851263
9851423
9851426
9852147
9853214
9853241
9853247
9853621
9853624
9854123
9854126
9854236
9854263
9856214
9856241
9856247
9856321
9856324
9857412
9857421
9857423
9857426
9862145
9862147
9862153
9862154
9862157
9862351
9862354
9862357
9862415
9862451
9862453
9862457
9862475
9862514
9862541
9862547
9862574
9863214
9863215
9863241
9863245
9863247
9863251
9863254
9863257
9863512
9863514
9863521
9863524
9863541
9863542
9863547
9863574
9865123
9865124
9865142
9865147
9865214
9865241
9865247
9865321
9865324
9865412
9865421
9865423
9865741
9865742
9874123
9874125
9874126
9874152
9874153
9874156
9874215
9874235
9874236
9874251
9874253
9874256
9874263
9874265
9874512
9874521
9874523
9874526
9874532
9874536
9874562
9874563
9875123
9875124
9875126
9875142
9875214
9875236
9875241
9875263
9875321
9875324
9875326
9875362
9875412
9875421
9875423
9875426
9875621
9875623
9875624
9875632
